BkNo	Year	Day	hh	mm	ss	mss	ns	Azimuth(deg)	Elevation(deg	)Tv	Dv	TSn	RSn	DTp	STp	SId	BkCt	SRt	InTim
1	2016	240	17	4	50	0	0	162.45	1.55	0	3	f8	f0	8	4	4	2901	1	0
1	2016	240	17	4	51	0	0	162.45	1.55	0	3	f8	f0	8	4	4	2901	1	0
1	2016	240	17	4	52	0	0	162.45	1.55	0	3	f8	f0	8	4	4	2901	1	0
1	2016	240	17	4	53	0	0	162.45	1.55	0	3	f8	f0	8	4	4	2901	1	0
1	2016	240	17	4	54	0	0	162.45	1.55	0	3	f8	f0	8	4	4	2901	1	0
1	2016	240	17	4	55	0	0	162.45	1.55	0	3	f8	f0	8	4	4	2901	1	0
1	2016	240	17	4	56	0	0	162.45	1.55	0	3	f8	f0	8	4	4	2901	1	0
1	2016	240	17	4	57	0	0	162.45	1.55	0	3	f8	f0	8	4	4	2901	1	0
1	2016	240	17	4	58	0	0	162.45	1.55	0	3	f8	f0	8	4	4	2901	1	0
1	2016	240	17	4	59	0	0	162.45	1.55	0	3	f8	f0	8	4	4	2901	1	0
2	2016	240	17	5	0	0	0	162.45	1.55	0	3	f8	f0	8	4	4	2902	1	0
2	2016	240	17	5	1	0	0	162.45	1.55	0	3	f8	f0	8	4	4	2902	1	0
2	2016	240	17	5	2	0	0	162.45	1.55	0	3	f8	f0	8	4	4	2902	1	0
2	2016	240	17	5	3	0	0	162.45	1.55	0	3	f8	f0	8	4	4	2902	1	0
2	2016	240	17	5	4	0	0	162.45	1.55	0	3	f8	f0	8	4	4	2902	1	0
2	2016	240	17	5	5	0	0	162.45	1.55	0	3	f8	f0	8	4	4	2902	1	0
2	2016	240	17	5	6	0	0	162.45	1.55	0	3	f8	f0	8	4	4	2902	1	0
2	2016	240	17	5	7	0	0	162.45	1.55	0	3	f8	f0	8	4	4	2902	1	0
2	2016	240	17	5	8	0	0	162.45	1.55	0	3	f8	f0	8	4	4	2902	1	0
2	2016	240	17	5	9	0	0	162.45	1.56	0	3	f8	f0	8	4	4	2902	1	0
3	2016	240	17	5	10	0	0	162.45	1.56	0	3	f8	f0	8	4	4	2903	1	0
3	2016	240	17	5	11	0	0	162.45	1.56	0	3	f8	f0	8	4	4	2903	1	0
3	2016	240	17	5	12	0	0	162.45	1.56	0	3	f8	f0	8	4	4	2903	1	0
3	2016	240	17	5	13	0	0	162.45	1.56	0	3	f8	f0	8	4	4	2903	1	0
3	2016	240	17	5	14	0	0	162.45	1.56	0	3	f8	f0	8	4	4	2903	1	0
3	2016	240	17	5	15	0	0	162.43	1.56	0	3	f8	f0	8	4	4	2903	1	0
3	2016	240	17	5	16	0	0	162.42	1.56	0	3	f8	f0	8	4	4	2903	1	0
3	2016	240	17	5	17	0	0	162.42	1.56	0	3	f8	f0	8	4	4	2903	1	0
3	2016	240	17	5	18	0	0	162.42	1.56	0	3	f8	f0	8	4	4	2903	1	0
3	2016	240	17	5	19	0	0	162.42	1.56	0	3	f8	f0	8	4	4	2903	1	0
4	2016	240	17	5	20	0	0	162.42	1.56	0	3	f8	f0	8	4	4	2904	1	0
4	2016	240	17	5	21	0	0	162.42	1.56	0	3	f8	f0	8	4	4	2904	1	0
4	2016	240	17	5	22	0	0	162.42	1.56	0	3	f8	f0	8	4	4	2904	1	0
4	2016	240	17	5	23	0	0	162.42	1.55	0	3	f8	f0	8	4	4	2904	1	0
4	2016	240	17	5	24	0	0	162.43	1.55	0	3	f8	f0	8	4	4	2904	1	0
4	2016	240	17	5	25	0	0	162.44	1.55	0	3	f8	f0	8	4	4	2904	1	0
4	2016	240	17	5	26	0	0	162.44	1.55	0	3	f8	f0	8	4	4	2904	1	0
4	2016	240	17	5	27	0	0	162.45	1.55	0	3	f8	f0	8	4	4	2904	1	0
4	2016	240	17	5	28	0	0	162.45	1.55	0	3	f8	f0	8	4	4	2904	1	0
4	2016	240	17	5	29	0	0	162.45	1.55	0	3	f8	f0	8	4	4	2904	1	0
5	2016	240	17	5	30	0	0	162.45	1.55	0	3	f8	f0	8	4	4	2905	1	0
5	2016	240	17	5	31	0	0	162.45	1.55	0	3	f8	f0	8	4	4	2905	1	0
5	2016	240	17	5	32	0	0	162.45	1.55	0	3	f8	f0	8	4	4	2905	1	0
5	2016	240	17	5	33	0	0	162.45	1.55	0	3	f8	f0	8	4	4	2905	1	0
5	2016	240	17	5	34	0	0	162.45	1.55	0	3	f8	f0	8	4	4	2905	1	0
5	2016	240	17	5	35	0	0	162.45	1.55	0	3	f8	f0	8	4	4	2905	1	0
5	2016	240	17	5	36	0	0	162.45	1.55	0	3	f8	f0	8	4	4	2905	1	0
5	2016	240	17	5	37	0	0	162.45	1.55	0	3	f8	f0	8	4	4	2905	1	0
5	2016	240	17	5	38	0	0	162.45	1.55	0	3	f8	f0	8	4	4	2905	1	0
5	2016	240	17	5	39	0	0	162.45	1.55	0	3	f8	f0	8	4	4	2905	1	0
6	2016	240	17	5	40	0	0	162.45	1.55	0	3	f8	f0	8	4	4	2906	1	0
6	2016	240	17	5	41	0	0	162.45	1.55	0	3	f8	f0	8	4	4	2906	1	0
6	2016	240	17	5	42	0	0	162.45	1.55	0	3	f8	f0	8	4	4	2906	1	0
6	2016	240	17	5	43	0	0	162.45	1.55	0	3	f8	f0	8	4	4	2906	1	0
6	2016	240	17	5	44	0	0	162.45	1.55	0	3	f8	f0	8	4	4	2906	1	0
6	2016	240	17	5	45	0	0	162.45	1.55	0	3	f8	f0	8	4	4	2906	1	0
6	2016	240	17	5	46	0	0	162.45	1.55	0	3	f8	f0	8	4	4	2906	1	0
6	2016	240	17	5	47	0	0	162.45	1.55	0	3	f8	f0	8	4	4	2906	1	0
6	2016	240	17	5	48	0	0	162.45	1.55	0	3	f8	f0	8	4	4	2906	1	0
6	2016	240	17	5	49	0	0	162.45	1.55	0	3	f8	f0	8	4	4	2906	1	0
7	2016	240	17	5	50	0	0	162.45	1.55	0	3	f8	f0	8	4	4	2907	1	0
7	2016	240	17	5	51	0	0	162.45	1.55	0	3	f8	f0	8	4	4	2907	1	0
7	2016	240	17	5	52	0	0	162.45	1.55	0	3	f8	f0	8	4	4	2907	1	0
7	2016	240	17	5	53	0	0	162.45	1.55	0	3	f8	f0	8	4	4	2907	1	0
7	2016	240	17	5	54	0	0	162.45	1.55	0	3	f8	f0	8	4	4	2907	1	0
7	2016	240	17	5	55	0	0	162.45	1.55	0	3	f8	f0	8	4	4	2907	1	0
7	2016	240	17	5	56	0	0	162.45	1.55	0	3	f8	f0	8	4	4	2907	1	0
7	2016	240	17	5	57	0	0	162.45	1.55	0	3	f8	f0	8	4	4	2907	1	0
7	2016	240	17	5	58	0	0	162.45	1.55	0	3	f8	f0	8	4	4	2907	1	0
7	2016	240	17	5	59	0	0	162.45	1.55	0	3	f8	f0	8	4	4	2907	1	0
8	2016	240	17	6	0	0	0	162.45	1.55	0	3	f8	f0	8	4	4	2908	1	0
8	2016	240	17	6	1	0	0	162.45	1.55	0	3	f8	f0	8	4	4	2908	1	0
8	2016	240	17	6	2	0	0	162.45	1.55	0	3	f8	f0	8	4	4	2908	1	0
8	2016	240	17	6	3	0	0	162.44	1.55	0	3	f8	f0	8	4	4	2908	1	0
8	2016	240	17	6	4	0	0	162.43	1.55	0	3	f8	f0	8	4	4	2908	1	0
8	2016	240	17	6	5	0	0	162.43	1.55	0	3	f8	f0	8	4	4	2908	1	0
8	2016	240	17	6	6	0	0	162.43	1.55	0	3	f8	f0	8	4	4	2908	1	0
8	2016	240	17	6	7	0	0	162.43	1.55	0	3	f8	f0	8	4	4	2908	1	0
8	2016	240	17	6	8	0	0	162.43	1.55	0	3	f8	f0	8	4	4	2908	1	0
8	2016	240	17	6	9	0	0	162.43	1.55	0	3	f8	f0	8	4	4	2908	1	0
9	2016	240	17	6	10	0	0	162.43	1.55	0	3	f8	f0	8	4	4	2909	1	0
9	2016	240	17	6	11	0	0	162.43	1.55	0	3	f8	f0	8	4	4	2909	1	0
9	2016	240	17	6	12	0	0	162.43	1.55	0	3	f8	f0	8	4	4	2909	1	0
9	2016	240	17	6	13	0	0	162.43	1.55	0	3	f8	f0	8	4	4	2909	1	0
9	2016	240	17	6	14	0	0	162.43	1.55	0	3	f8	f0	8	4	4	2909	1	0
9	2016	240	17	6	15	0	0	162.43	1.55	0	3	f8	f0	8	4	4	2909	1	0
9	2016	240	17	6	16	0	0	162.43	1.55	0	3	f8	f0	8	4	4	2909	1	0
9	2016	240	17	6	17	0	0	162.43	1.55	0	3	f8	f0	8	4	4	2909	1	0
9	2016	240	17	6	18	0	0	162.43	1.55	0	3	f8	f0	8	4	4	2909	1	0
9	2016	240	17	6	19	0	0	162.43	1.55	0	3	f8	f0	8	4	4	2909	1	0
10	2016	240	17	6	20	0	0	162.43	1.55	0	3	f8	f0	8	4	4	290a	1	0
10	2016	240	17	6	21	0	0	162.44	1.55	0	3	f8	f0	8	4	4	290a	1	0
10	2016	240	17	6	22	0	0	162.44	1.55	0	3	f8	f0	8	4	4	290a	1	0
10	2016	240	17	6	23	0	0	162.44	1.55	0	3	f8	f0	8	4	4	290a	1	0
10	2016	240	17	6	24	0	0	162.44	1.55	0	3	f8	f0	8	4	4	290a	1	0
10	2016	240	17	6	25	0	0	162.43	1.55	0	3	f8	f0	8	4	4	290a	1	0
10	2016	240	17	6	26	0	0	162.35	1.55	0	3	f8	f0	8	4	4	290a	1	0
10	2016	240	17	6	27	0	0	162.34	1.55	0	3	f8	f0	8	4	4	290a	1	0
10	2016	240	17	6	28	0	0	162.34	1.55	0	3	f8	f0	8	4	4	290a	1	0
10	2016	240	17	6	29	0	0	162.34	1.55	0	3	f8	f0	8	4	4	290a	1	0
11	2016	240	17	6	30	0	0	162.34	1.55	0	3	f8	f0	8	4	4	290b	1	0
11	2016	240	17	6	31	0	0	162.34	1.57	0	3	f8	f0	8	4	4	290b	1	0
11	2016	240	17	6	32	0	0	162.31	1.6	0	3	f8	f0	8	4	4	290b	1	0
11	2016	240	17	6	33	0	0	162.3	1.61	0	3	f8	f0	8	4	4	290b	1	0
11	2016	240	17	6	34	0	0	162.29	1.63	0	3	f8	f0	8	4	4	290b	1	0
11	2016	240	17	6	35	0	0	162.27	1.65	0	3	f8	f0	8	4	4	290b	1	0
11	2016	240	17	6	36	0	0	162.24	1.68	0	3	f8	f0	8	4	4	290b	1	0
11	2016	240	17	6	37	0	0	162.24	1.69	0	3	f8	f0	8	4	4	290b	1	0
11	2016	240	17	6	38	0	0	162.24	1.71	0	3	f8	f0	8	4	4	290b	1	0
11	2016	240	17	6	39	0	0	162.24	1.73	0	3	f8	f0	8	4	4	290b	1	0
12	2016	240	17	6	40	0	0	162.2	1.75	0	3	f8	f0	8	4	4	290c	1	0
12	2016	240	17	6	41	0	0	162.19	1.8	0	3	f8	f0	8	4	4	290c	1	0
12	2016	240	17	6	42	0	0	162.19	1.88	0	3	f8	f0	8	4	4	290c	1	0
12	2016	240	17	6	43	0	0	162.18	1.95	0	3	f8	f0	8	4	4	290c	1	0
12	2016	240	17	6	44	0	0	162.17	2.02	0	3	f8	f0	8	4	4	290c	1	0
12	2016	240	17	6	45	0	0	162.15	2.08	0	3	f8	f0	8	4	4	290c	1	0
12	2016	240	17	6	46	0	0	162.13	2.14	0	3	f8	f0	8	4	4	290c	1	0
12	2016	240	17	6	47	0	0	162.13	2.2	0	3	f8	f0	8	4	4	290c	1	0
12	2016	240	17	6	48	0	0	162.12	2.27	0	3	f8	f0	8	4	4	290c	1	0
12	2016	240	17	6	49	0	0	162.11	2.33	0	3	f8	f0	8	4	4	290c	1	0
13	2016	240	17	6	50	0	0	162.08	2.39	0	3	f8	f0	8	4	4	290d	1	0
13	2016	240	17	6	51	0	0	162.07	2.46	0	3	f8	f0	8	4	4	290d	1	0
13	2016	240	17	6	52	0	0	162.07	2.51	0	3	f8	f0	8	4	4	290d	1	0
13	2016	240	17	6	53	0	0	162.05	2.59	0	3	f8	f0	8	4	4	290d	1	0
13	2016	240	17	6	54	0	0	162.04	2.65	0	3	f8	f0	8	4	4	290d	1	0
13	2016	240	17	6	55	0	0	162.04	2.72	0	3	f8	f0	8	4	4	290d	1	0
13	2016	240	17	6	56	0	0	162.01	2.78	0	3	f8	f0	8	4	4	290d	1	0
13	2016	240	17	6	57	0	0	161.99	2.85	0	3	f8	f0	8	4	4	290d	1	0
13	2016	240	17	6	58	0	0	161.98	2.91	0	3	f8	f0	8	4	4	290d	1	0
13	2016	240	17	6	59	0	0	161.96	2.98	0	3	f8	f0	8	4	4	290d	1	0
14	2016	240	17	7	0	0	0	161.96	3.04	0	3	f8	f0	8	4	4	290e	1	0
14	2016	240	17	7	1	0	0	161.95	3.11	0	3	f8	f0	8	4	4	290e	1	0
14	2016	240	17	7	2	0	0	161.93	3.17	0	3	f8	f0	8	4	4	290e	1	0
14	2016	240	17	7	3	0	0	161.92	3.24	0	3	f8	f0	8	4	4	290e	1	0
14	2016	240	17	7	4	0	0	161.91	3.32	0	3	f8	f0	8	4	4	290e	1	0
14	2016	240	17	7	5	0	0	161.89	3.39	0	3	f8	f0	8	4	4	290e	1	0
14	2016	240	17	7	6	0	0	161.87	3.46	0	3	f8	f0	8	4	4	290e	1	0
14	2016	240	17	7	7	0	0	161.87	3.52	0	3	f8	f0	8	4	4	290e	1	0
14	2016	240	17	7	8	0	0	161.87	3.58	0	3	f8	f0	8	4	4	290e	1	0
14	2016	240	17	7	9	0	0	161.84	3.65	0	3	f8	f0	8	4	4	290e	1	0
15	2016	240	17	7	10	0	0	161.83	3.72	0	3	f8	f0	8	4	4	290f	1	0
15	2016	240	17	7	11	0	0	161.82	3.8	0	3	f8	f0	8	4	4	290f	1	0
15	2016	240	17	7	12	0	0	161.79	3.87	0	3	f8	f0	8	4	4	290f	1	0
15	2016	240	17	7	13	0	0	161.79	3.93	0	3	f8	f0	8	4	4	290f	1	0
15	2016	240	17	7	14	0	0	161.78	4	0	3	f8	f0	8	4	4	290f	1	0
15	2016	240	17	7	15	0	0	161.76	4.06	0	3	f8	f0	8	4	4	290f	1	0
15	2016	240	17	7	16	0	0	161.74	4.14	0	3	f8	f0	8	4	4	290f	1	0
15	2016	240	17	7	17	0	0	161.73	4.2	0	3	f8	f0	8	4	4	290f	1	0
15	2016	240	17	7	18	0	0	161.71	4.28	0	3	f8	f0	8	4	4	290f	1	0
15	2016	240	17	7	19	0	0	161.71	4.35	0	3	f8	f0	8	4	4	290f	1	0
16	2016	240	17	7	20	0	0	161.69	4.41	0	3	f8	f0	8	4	4	2910	1	0
16	2016	240	17	7	21	0	0	161.67	4.48	0	3	f8	f0	8	4	4	2910	1	0
16	2016	240	17	7	22	0	0	161.66	4.55	0	3	f8	f0	8	4	4	2910	1	0
16	2016	240	17	7	23	0	0	161.66	4.62	0	3	f8	f0	8	4	4	2910	1	0
16	2016	240	17	7	24	0	0	161.63	4.69	0	3	f8	f0	8	4	4	2910	1	0
16	2016	240	17	7	25	0	0	161.62	4.75	0	0	f8	f0	8	4	4	2910	1	0
16	2016	240	17	7	26	0	0	161.58	4.84	0	0	f8	f0	8	4	4	2910	1	0
16	2016	240	17	7	27	0	0	161.59	4.93	0	0	f8	f0	8	4	4	2910	1	0
16	2016	240	17	7	28	0	0	161.59	5.03	0	0	f8	f0	8	4	4	2910	1	0
16	2016	240	17	7	29	0	0	161.59	5.13	0	0	f8	f0	8	4	4	2910	1	0
17	2016	240	17	7	30	0	0	161.59	5.24	0	0	f8	f0	8	4	4	2911	1	0
17	2016	240	17	7	31	0	0	161.59	5.36	0	0	f8	f0	8	4	4	2911	1	0
17	2016	240	17	7	32	0	0	161.56	5.45	0	0	f8	f0	8	4	4	2911	1	0
17	2016	240	17	7	33	0	0	161.46	5.54	0	0	f8	f0	8	4	4	2911	1	0
17	2016	240	17	7	34	0	0	161.46	5.62	0	0	f8	f0	8	4	4	2911	1	0
17	2016	240	17	7	35	0	0	161.46	5.69	0	0	f8	f0	8	4	4	2911	1	0
17	2016	240	17	7	36	0	0	161.46	5.76	0	0	f8	f0	8	4	4	2911	1	0
17	2016	240	17	7	37	0	0	161.46	5.82	0	0	f8	f0	8	4	4	2911	1	0
17	2016	240	17	7	38	0	0	161.46	5.88	0	0	f8	f0	8	4	4	2911	1	0
17	2016	240	17	7	39	0	0	161.41	5.93	0	0	f8	f0	8	4	4	2911	1	0
18	2016	240	17	7	40	0	0	161.38	5.98	0	0	f8	f0	8	4	4	2912	1	0
18	2016	240	17	7	41	0	0	161.38	6.05	0	0	f8	f0	8	4	4	2912	1	0
18	2016	240	17	7	42	0	0	161.38	6.1	0	0	f8	f0	8	4	4	2912	1	0
18	2016	240	17	7	43	0	0	161.38	6.16	0	0	f8	f0	8	4	4	2912	1	0
18	2016	240	17	7	44	0	0	161.38	6.23	0	0	f8	f0	8	4	4	2912	1	0
18	2016	240	17	7	45	0	0	161.38	6.31	0	0	f8	f0	8	4	4	2912	1	0
18	2016	240	17	7	46	0	0	161.33	6.37	0	0	f8	f0	8	4	4	2912	1	0
18	2016	240	17	7	47	0	0	161.3	6.44	0	0	f8	f0	8	4	4	2912	1	0
18	2016	240	17	7	48	0	0	161.29	6.51	0	0	f8	f0	8	4	4	2912	1	0
18	2016	240	17	7	49	0	0	161.25	6.6	0	0	f8	f0	8	4	4	2912	1	0
19	2016	240	17	7	50	0	0	161.24	6.67	0	0	f8	f0	8	4	4	2913	1	0
19	2016	240	17	7	51	0	0	161.24	6.76	0	0	f8	f0	8	4	4	2913	1	0
19	2016	240	17	7	52	0	0	161.24	6.83	0	0	f8	f0	8	4	4	2913	1	0
19	2016	240	17	7	53	0	0	161.21	6.9	0	0	f8	f0	8	4	4	2913	1	0
19	2016	240	17	7	54	0	0	161.19	6.98	0	0	f8	f0	8	4	4	2913	1	0
19	2016	240	17	7	55	0	0	161.19	7.05	0	0	f8	f0	8	4	4	2913	1	0
19	2016	240	17	7	56	0	0	161.18	7.13	0	0	f8	f0	8	4	4	2913	1	0
19	2016	240	17	7	57	0	0	161.18	7.2	0	0	f8	f0	8	4	4	2913	1	0
19	2016	240	17	7	58	0	0	161.12	7.28	0	0	f8	f0	8	4	4	2913	1	0
19	2016	240	17	7	59	0	0	161.1	7.35	0	0	f8	f0	8	4	4	2913	1	0
20	2016	240	17	8	0	0	0	161.09	7.43	0	0	f8	f0	8	4	4	2914	1	0
20	2016	240	17	8	1	0	0	161.06	7.51	0	0	f8	f0	8	4	4	2914	1	0
20	2016	240	17	8	2	0	0	161.04	7.58	0	0	f8	f0	8	4	4	2914	1	0
20	2016	240	17	8	3	0	0	161.04	7.67	0	0	f8	f0	8	4	4	2914	1	0
20	2016	240	17	8	4	0	0	161.04	7.75	0	0	f8	f0	8	4	4	2914	1	0
20	2016	240	17	8	5	0	0	161.02	7.83	0	0	f8	f0	8	4	4	2914	1	0
20	2016	240	17	8	6	0	0	160.98	7.9	0	0	f8	f0	8	4	4	2914	1	0
20	2016	240	17	8	7	0	0	160.97	7.97	0	0	f8	f0	8	4	4	2914	1	0
20	2016	240	17	8	8	0	0	160.95	8.04	0	0	f8	f0	8	4	4	2914	1	0
20	2016	240	17	8	9	0	0	160.93	8.12	0	0	f8	f0	8	4	4	2914	1	0
21	2016	240	17	8	10	0	0	160.9	8.21	0	0	f8	f0	8	4	4	2915	1	0
21	2016	240	17	8	11	0	0	160.9	8.29	0	0	f8	f0	8	4	4	2915	1	0
21	2016	240	17	8	12	0	0	160.89	8.38	0	0	f8	f0	8	4	4	2915	1	0
21	2016	240	17	8	13	0	0	160.85	8.47	0	0	f8	f0	8	4	4	2915	1	0
21	2016	240	17	8	14	0	0	160.83	8.55	0	0	f8	f0	8	4	4	2915	1	0
21	2016	240	17	8	15	0	0	160.83	8.63	0	0	f8	f0	8	4	4	2915	1	0
21	2016	240	17	8	16	0	0	160.83	8.71	0	0	f8	f0	8	4	4	2915	1	0
21	2016	240	17	8	17	0	0	160.83	8.79	0	0	f8	f0	8	4	4	2915	1	0
21	2016	240	17	8	18	0	0	160.77	8.87	0	0	f8	f0	8	4	4	2915	1	0
21	2016	240	17	8	19	0	0	160.75	8.95	0	0	f8	f0	8	4	4	2915	1	0
22	2016	240	17	8	20	0	0	160.72	9.04	0	0	f8	f0	8	4	4	2916	1	0
22	2016	240	17	8	21	0	0	160.69	9.13	0	0	f8	f0	8	4	4	2916	1	0
22	2016	240	17	8	22	0	0	160.69	9.21	0	0	f8	f0	8	4	4	2916	1	0
22	2016	240	17	8	23	0	0	160.69	9.29	0	0	f8	f0	8	4	4	2916	1	0
22	2016	240	17	8	24	0	0	160.67	9.37	0	0	f8	f0	8	4	4	2916	1	0
22	2016	240	17	8	25	0	0	160.61	9.45	0	0	f8	f0	8	4	4	2916	1	0
22	2016	240	17	8	26	0	0	160.61	9.52	0	0	f8	f0	8	4	4	2916	1	0
22	2016	240	17	8	27	0	0	160.61	9.6	0	0	f8	f0	8	4	4	2916	1	0
22	2016	240	17	8	28	0	0	160.56	9.68	0	0	f8	f0	8	4	4	2916	1	0
22	2016	240	17	8	29	0	0	160.54	9.77	0	0	f8	f0	8	4	4	2916	1	0
23	2016	240	17	8	30	0	0	160.53	9.87	0	0	f8	f0	8	4	4	2917	1	0
23	2016	240	17	8	31	0	0	160.52	9.97	0	0	f8	f0	8	4	4	2917	1	0
23	2016	240	17	8	32	0	0	160.48	10.05	0	0	f8	f0	8	4	4	2917	1	0
23	2016	240	17	8	33	0	0	160.48	10.15	0	0	f8	f0	8	4	4	2917	1	0
23	2016	240	17	8	34	0	0	160.45	10.22	0	0	f8	f0	8	4	4	2917	1	0
23	2016	240	17	8	35	0	0	160.41	10.31	0	0	f8	f0	8	4	4	2917	1	0
23	2016	240	17	8	36	0	0	160.4	10.38	0	0	f8	f0	8	4	4	2917	1	0
23	2016	240	17	8	37	0	0	160.38	10.46	0	0	f8	f0	8	4	4	2917	1	0
23	2016	240	17	8	38	0	0	160.34	10.55	0	0	f8	f0	8	4	4	2917	1	0
23	2016	240	17	8	39	0	0	160.33	10.64	0	0	f8	f0	8	4	4	2917	1	0
24	2016	240	17	8	40	0	0	160.33	10.73	0	0	f8	f0	8	4	4	2918	1	0
24	2016	240	17	8	41	0	0	160.33	10.81	0	0	f8	f0	8	4	4	2918	1	0
24	2016	240	17	8	42	0	0	160.28	10.91	0	0	f8	f0	8	4	4	2918	1	0
24	2016	240	17	8	43	0	0	160.26	11	0	0	f8	f0	8	4	4	2918	1	0
24	2016	240	17	8	44	0	0	160.23	11.09	0	0	f8	f0	8	4	4	2918	1	0
24	2016	240	17	8	45	0	0	160.2	11.18	0	0	f8	f0	8	4	4	2918	1	0
24	2016	240	17	8	46	0	0	160.18	11.28	0	0	f8	f0	8	4	4	2918	1	0
24	2016	240	17	8	47	0	0	160.15	11.37	0	0	f8	f0	8	4	4	2918	1	0
24	2016	240	17	8	48	0	0	160.15	11.46	0	0	f8	f0	8	4	4	2918	1	0
24	2016	240	17	8	49	0	0	160.13	11.55	0	0	f8	f0	8	4	4	2918	1	0
25	2016	240	17	8	50	0	0	160.09	11.64	0	0	f8	f0	8	4	4	2919	1	0
25	2016	240	17	8	51	0	0	160.09	11.74	0	0	f8	f0	8	4	4	2919	1	0
25	2016	240	17	8	52	0	0	160.05	11.82	0	0	f8	f0	8	4	4	2919	1	0
25	2016	240	17	8	53	0	0	160.02	11.91	0	0	f8	f0	8	4	4	2919	1	0
25	2016	240	17	8	54	0	0	160	12.02	0	0	f8	f0	8	4	4	2919	1	0
25	2016	240	17	8	55	0	0	159.99	12.11	0	0	f8	f0	8	4	4	2919	1	0
25	2016	240	17	8	56	0	0	159.95	12.2	0	0	f8	f0	8	4	4	2919	1	0
25	2016	240	17	8	57	0	0	159.94	12.3	0	0	f8	f0	8	4	4	2919	1	0
25	2016	240	17	8	58	0	0	159.93	12.4	0	0	f8	f0	8	4	4	2919	1	0
25	2016	240	17	8	59	0	0	159.88	12.49	0	0	f8	f0	8	4	4	2919	1	0
26	2016	240	17	9	0	0	0	159.86	12.58	0	0	f8	f0	8	4	4	291a	1	0
26	2016	240	17	9	1	0	0	159.83	12.68	0	0	f8	f0	8	4	4	291a	1	0
26	2016	240	17	9	2	0	0	159.81	12.77	0	0	f8	f0	8	4	4	291a	1	0
26	2016	240	17	9	3	0	0	159.8	12.87	0	0	f8	f0	8	4	4	291a	1	0
26	2016	240	17	9	4	0	0	159.76	12.97	0	0	f8	f0	8	4	4	291a	1	0
26	2016	240	17	9	5	0	0	159.73	13.06	0	0	f8	f0	8	4	4	291a	1	0
26	2016	240	17	9	6	0	0	159.72	13.17	0	0	f8	f0	8	4	4	291a	1	0
26	2016	240	17	9	7	0	0	159.68	13.26	0	0	f8	f0	8	4	4	291a	1	0
26	2016	240	17	9	8	0	0	159.65	13.36	0	0	f8	f0	8	4	4	291a	1	0
26	2016	240	17	9	9	0	0	159.64	13.46	0	0	f8	f0	8	4	4	291a	1	0
27	2016	240	17	9	10	0	0	159.6	13.56	0	0	f8	f0	8	4	4	291b	1	0
27	2016	240	17	9	11	0	0	159.59	13.66	0	0	f8	f0	8	4	4	291b	1	0
27	2016	240	17	9	12	0	0	159.56	13.76	0	0	f8	f0	8	4	4	291b	1	0
27	2016	240	17	9	13	0	0	159.51	13.86	0	0	f8	f0	8	4	4	291b	1	0
27	2016	240	17	9	14	0	0	159.5	13.96	0	0	f8	f0	8	4	4	291b	1	0
27	2016	240	17	9	15	0	0	159.46	14.06	0	0	f8	f0	8	4	4	291b	1	0
27	2016	240	17	9	16	0	0	159.45	14.16	0	0	f8	f0	8	4	4	291b	1	0
27	2016	240	17	9	17	0	0	159.42	14.27	0	0	f8	f0	8	4	4	291b	1	0
27	2016	240	17	9	18	0	0	159.39	14.37	0	0	f8	f0	8	4	4	291b	1	0
27	2016	240	17	9	19	0	0	159.37	14.47	0	0	f8	f0	8	4	4	291b	1	0
28	2016	240	17	9	20	0	0	159.32	14.59	0	0	f8	f0	8	4	4	291c	1	0
28	2016	240	17	9	21	0	0	159.3	14.7	0	0	f8	f0	8	4	4	291c	1	0
28	2016	240	17	9	22	0	0	159.28	14.8	0	0	f8	f0	8	4	4	291c	1	0
28	2016	240	17	9	23	0	0	159.25	14.91	0	0	f8	f0	8	4	4	291c	1	0
28	2016	240	17	9	24	0	0	159.24	15.02	0	0	f8	f0	8	4	4	291c	1	0
28	2016	240	17	9	25	0	0	159.18	15.13	0	0	f8	f0	8	4	4	291c	1	0
28	2016	240	17	9	26	0	0	159.16	15.24	0	0	f8	f0	8	4	4	291c	1	0
28	2016	240	17	9	27	0	0	159.12	15.35	0	0	f8	f0	8	4	4	291c	1	0
28	2016	240	17	9	28	0	0	159.1	15.46	0	0	f8	f0	8	4	4	291c	1	0
28	2016	240	17	9	29	0	0	159.06	15.56	0	0	f8	f0	8	4	4	291c	1	0
29	2016	240	17	9	30	0	0	159.04	15.67	0	0	f8	f0	8	4	4	291d	1	0
29	2016	240	17	9	31	0	0	159.01	15.77	0	0	f8	f0	8	4	4	291d	1	0
29	2016	240	17	9	32	0	0	158.97	15.88	0	0	f8	f0	8	4	4	291d	1	0
29	2016	240	17	9	33	0	0	158.95	15.99	0	0	f8	f0	8	4	4	291d	1	0
29	2016	240	17	9	34	0	0	158.92	16.1	0	0	f8	f0	8	4	4	291d	1	0
29	2016	240	17	9	35	0	0	158.89	16.21	0	0	f8	f0	8	4	4	291d	1	0
29	2016	240	17	9	36	0	0	158.86	16.33	0	0	f8	f0	8	4	4	291d	1	0
29	2016	240	17	9	37	0	0	158.83	16.44	0	0	f8	f0	8	4	4	291d	1	0
29	2016	240	17	9	38	0	0	158.79	16.54	0	0	f8	f0	8	4	4	291d	1	0
29	2016	240	17	9	39	0	0	158.75	16.65	0	0	f8	f0	8	4	4	291d	1	0
30	2016	240	17	9	40	0	0	158.73	16.76	0	0	f8	f0	8	4	4	291e	1	0
30	2016	240	17	9	41	0	0	158.71	16.87	0	0	f8	f0	8	4	4	291e	1	0
30	2016	240	17	9	42	0	0	158.68	16.99	0	0	f8	f0	8	4	4	291e	1	0
30	2016	240	17	9	43	0	0	158.64	17.1	0	0	f8	f0	8	4	4	291e	1	0
30	2016	240	17	9	44	0	0	158.61	17.23	0	0	f8	f0	8	4	4	291e	1	0
30	2016	240	17	9	45	0	0	158.57	17.36	0	0	f8	f0	8	4	4	291e	1	0
30	2016	240	17	9	46	0	0	158.55	17.47	0	0	f8	f0	8	4	4	291e	1	0
30	2016	240	17	9	47	0	0	158.51	17.59	0	0	f8	f0	8	4	4	291e	1	0
30	2016	240	17	9	48	0	0	158.48	17.71	0	0	f8	f0	8	4	4	291e	1	0
30	2016	240	17	9	49	0	0	158.44	17.83	0	0	f8	f0	8	4	4	291e	1	0
31	2016	240	17	9	50	0	0	158.41	17.95	0	0	f8	f0	8	4	4	291f	1	0
31	2016	240	17	9	51	0	0	158.37	18.07	0	0	f8	f0	8	4	4	291f	1	0
31	2016	240	17	9	52	0	0	158.36	18.19	0	0	f8	f0	8	4	4	291f	1	0
31	2016	240	17	9	53	0	0	158.3	18.31	0	0	f8	f0	8	4	4	291f	1	0
31	2016	240	17	9	54	0	0	158.27	18.44	0	0	f8	f0	8	4	4	291f	1	0
31	2016	240	17	9	55	0	0	158.22	18.55	0	0	f8	f0	8	4	4	291f	1	0
31	2016	240	17	9	56	0	0	158.19	18.67	0	0	f8	f0	8	4	4	291f	1	0
31	2016	240	17	9	57	0	0	158.17	18.78	0	0	f8	f0	8	4	4	291f	1	0
31	2016	240	17	9	58	0	0	158.12	18.9	0	0	f8	f0	8	4	4	291f	1	0
31	2016	240	17	9	59	0	0	158.07	19.02	0	0	f8	f0	8	4	4	291f	1	0
32	2016	240	17	10	0	0	0	158.03	19.15	0	0	f8	f0	8	4	4	2920	1	0
32	2016	240	17	10	1	0	0	158.02	19.28	0	0	f8	f0	8	4	4	2920	1	0
32	2016	240	17	10	2	0	0	157.97	19.4	0	0	f8	f0	8	4	4	2920	1	0
32	2016	240	17	10	3	0	0	157.93	19.54	0	0	f8	f0	8	4	4	2920	1	0
32	2016	240	17	10	4	0	0	157.89	19.67	0	0	f8	f0	8	4	4	2920	1	0
32	2016	240	17	10	5	0	0	157.85	19.8	0	0	f8	f0	8	4	4	2920	1	0
32	2016	240	17	10	6	0	0	157.83	19.93	0	0	f8	f0	8	4	4	2920	1	0
32	2016	240	17	10	7	0	0	157.79	20.06	0	0	f8	f0	8	4	4	2920	1	0
32	2016	240	17	10	8	0	0	157.74	20.19	0	0	f8	f0	8	4	4	2920	1	0
32	2016	240	17	10	9	0	0	157.69	20.33	0	0	f8	f0	8	4	4	2920	1	0
33	2016	240	17	10	10	0	0	157.65	20.46	0	0	f8	f0	8	4	4	2921	1	0
33	2016	240	17	10	11	0	0	157.62	20.6	0	0	f8	f0	8	4	4	2921	1	0
33	2016	240	17	10	12	0	0	157.57	20.73	0	0	f8	f0	8	4	4	2921	1	0
33	2016	240	17	10	13	0	0	157.52	20.87	0	0	f8	f0	8	4	4	2921	1	0
33	2016	240	17	10	14	0	0	157.49	21.01	0	0	f8	f0	8	4	4	2921	1	0
33	2016	240	17	10	15	0	0	157.45	21.14	0	0	f8	f0	8	4	4	2921	1	0
33	2016	240	17	10	16	0	0	157.41	21.28	0	0	f8	f0	8	4	4	2921	1	0
33	2016	240	17	10	17	0	0	157.35	21.41	0	0	f8	f0	8	4	4	2921	1	0
33	2016	240	17	10	18	0	0	157.31	21.54	0	0	f8	f0	8	4	4	2921	1	0
33	2016	240	17	10	19	0	0	157.28	21.67	0	0	f8	f0	8	4	4	2921	1	0
34	2016	240	17	10	20	0	0	157.23	21.81	0	0	f8	f0	8	4	4	2922	1	0
34	2016	240	17	10	21	0	0	157.17	21.95	0	0	f8	f0	8	4	4	2922	1	0
34	2016	240	17	10	22	0	0	157.12	22.09	0	0	f8	f0	8	4	4	2922	1	0
34	2016	240	17	10	23	0	0	157.09	22.24	0	0	f8	f0	8	4	4	2922	1	0
34	2016	240	17	10	24	0	0	157.05	22.37	0	0	f8	f0	8	4	4	2922	1	0
34	2016	240	17	10	25	0	0	156.99	22.52	0	0	f8	f0	8	4	4	2922	1	0
34	2016	240	17	10	26	0	0	156.94	22.67	0	0	f8	f0	8	4	4	2922	1	0
34	2016	240	17	10	27	0	0	156.9	22.82	0	0	f8	f0	8	4	4	2922	1	0
34	2016	240	17	10	28	0	0	156.85	22.96	0	0	f8	f0	8	4	4	2922	1	0
34	2016	240	17	10	29	0	0	156.8	23.11	0	0	f8	f0	8	4	4	2922	1	0
35	2016	240	17	10	30	0	0	156.75	23.26	0	0	f8	f0	8	4	4	2923	1	0
35	2016	240	17	10	31	0	0	156.71	23.41	0	0	f8	f0	8	4	4	2923	1	0
35	2016	240	17	10	32	0	0	156.65	23.57	0	0	f8	f0	8	4	4	2923	1	0
35	2016	240	17	10	33	0	0	156.59	23.72	0	0	f8	f0	8	4	4	2923	1	0
35	2016	240	17	10	34	0	0	156.55	23.87	0	0	f8	f0	8	4	4	2923	1	0
35	2016	240	17	10	35	0	0	156.5	24.01	0	0	f8	f0	8	4	4	2923	1	0
35	2016	240	17	10	36	0	0	156.44	24.17	0	0	f8	f0	8	4	4	2923	1	0
35	2016	240	17	10	37	0	0	156.39	24.31	0	0	f8	f0	8	4	4	2923	1	0
35	2016	240	17	10	38	0	0	156.35	24.47	0	0	f8	f0	8	4	4	2923	1	0
35	2016	240	17	10	39	0	0	156.28	24.63	0	0	f8	f0	8	4	4	2923	1	0
36	2016	240	17	10	40	0	0	156.22	24.79	0	0	f8	f0	8	4	4	2924	1	0
36	2016	240	17	10	41	0	0	156.17	24.95	0	0	f8	f0	8	4	4	2924	1	0
36	2016	240	17	10	42	0	0	156.11	25.1	0	0	f8	f0	8	4	4	2924	1	0
36	2016	240	17	10	43	0	0	156.05	25.27	0	0	f8	f0	8	4	4	2924	1	0
36	2016	240	17	10	44	0	0	156.01	25.43	0	0	f8	f0	8	4	4	2924	1	0
36	2016	240	17	10	45	0	0	155.95	25.59	0	0	f8	f0	8	4	4	2924	1	0
36	2016	240	17	10	46	0	0	155.88	25.76	0	0	f8	f0	8	4	4	2924	1	0
36	2016	240	17	10	47	0	0	155.83	25.92	0	0	f8	f0	8	4	4	2924	1	0
36	2016	240	17	10	48	0	0	155.77	26.08	0	0	f8	f0	8	4	4	2924	1	0
36	2016	240	17	10	49	0	0	155.7	26.25	0	0	f8	f0	8	4	4	2924	1	0
37	2016	240	17	10	50	0	0	155.65	26.42	0	0	f8	f0	8	4	4	2925	1	0
37	2016	240	17	10	51	0	0	155.6	26.58	0	0	f8	f0	8	4	4	2925	1	0
37	2016	240	17	10	52	0	0	155.53	26.75	0	0	f8	f0	8	4	4	2925	1	0
37	2016	240	17	10	53	0	0	155.48	26.92	0	0	f8	f0	8	4	4	2925	1	0
37	2016	240	17	10	54	0	0	155.41	27.09	0	0	f8	f0	8	4	4	2925	1	0
37	2016	240	17	10	55	0	0	155.34	27.26	0	0	f8	f0	8	4	4	2925	1	0
37	2016	240	17	10	56	0	0	155.29	27.44	0	0	f8	f0	8	4	4	2925	1	0
37	2016	240	17	10	57	0	0	155.22	27.61	0	0	f8	f0	8	4	4	2925	1	0
37	2016	240	17	10	58	0	0	155.16	27.78	0	0	f8	f0	8	4	4	2925	1	0
37	2016	240	17	10	59	0	0	155.1	27.96	0	0	f8	f0	8	4	4	2925	1	0
38	2016	240	17	11	0	0	0	155.02	28.13	0	0	f8	f0	8	4	4	2926	1	0
38	2016	240	17	11	1	0	0	154.96	28.32	0	0	f8	f0	8	4	4	2926	1	0
38	2016	240	17	11	2	0	0	154.89	28.49	0	0	f8	f0	8	4	4	2926	1	0
38	2016	240	17	11	3	0	0	154.82	28.67	0	0	f8	f0	8	4	4	2926	1	0
38	2016	240	17	11	4	0	0	154.76	28.85	0	0	f8	f0	8	4	4	2926	1	0
38	2016	240	17	11	5	0	0	154.68	29.02	0	0	f8	f0	8	4	4	2926	1	0
38	2016	240	17	11	6	0	0	154.61	29.2	0	0	f8	f0	8	4	4	2926	1	0
38	2016	240	17	11	7	0	0	154.54	29.39	0	0	f8	f0	8	4	4	2926	1	0
38	2016	240	17	11	8	0	0	154.46	29.58	0	0	f8	f0	8	4	4	2926	1	0
38	2016	240	17	11	9	0	0	154.39	29.77	0	0	f8	f0	8	4	4	2926	1	0
39	2016	240	17	11	10	0	0	154.3	29.97	0	0	f8	f0	8	4	4	2927	1	0
39	2016	240	17	11	11	0	0	154.23	30.17	0	0	f8	f0	8	4	4	2927	1	0
39	2016	240	17	11	12	0	0	154.14	30.35	0	0	f8	f0	8	4	4	2927	1	0
39	2016	240	17	11	13	0	0	154.07	30.54	0	0	f8	f0	8	4	4	2927	1	0
39	2016	240	17	11	14	0	0	153.99	30.73	0	0	f8	f0	8	4	4	2927	1	0
39	2016	240	17	11	15	0	0	153.91	30.93	0	0	f8	f0	8	4	4	2927	1	0
39	2016	240	17	11	16	0	0	153.84	31.12	0	0	f8	f0	8	4	4	2927	1	0
39	2016	240	17	11	17	0	0	153.75	31.32	0	0	f8	f0	8	4	4	2927	1	0
39	2016	240	17	11	18	0	0	153.67	31.51	0	0	f8	f0	8	4	4	2927	1	0
39	2016	240	17	11	19	0	0	153.58	31.71	0	0	f8	f0	8	4	4	2927	1	0
40	2016	240	17	11	20	0	0	153.5	31.9	0	0	f8	f0	8	4	4	2928	1	0
40	2016	240	17	11	21	0	0	153.41	32.11	0	0	f8	f0	8	4	4	2928	1	0
40	2016	240	17	11	22	0	0	153.34	32.32	0	0	f8	f0	8	4	4	2928	1	0
40	2016	240	17	11	23	0	0	153.24	32.53	0	0	f8	f0	8	4	4	2928	1	0
40	2016	240	17	11	24	0	0	153.16	32.74	0	0	f8	f0	8	4	4	2928	1	0
40	2016	240	17	11	25	0	0	153.06	32.95	0	0	f8	f0	8	4	4	2928	1	0
40	2016	240	17	11	26	0	0	152.98	33.16	0	0	f8	f0	8	4	4	2928	1	0
40	2016	240	17	11	27	0	0	152.88	33.37	0	0	f8	f0	8	4	4	2928	1	0
40	2016	240	17	11	28	0	0	152.8	33.58	0	0	f8	f0	8	4	4	2928	1	0
40	2016	240	17	11	29	0	0	152.69	33.78	0	0	f8	f0	8	4	4	2928	1	0
41	2016	240	17	11	30	0	0	152.6	33.99	0	0	f8	f0	8	4	4	2929	1	0
41	2016	240	17	11	31	0	0	152.5	34.21	0	0	f8	f0	8	4	4	2929	1	0
41	2016	240	17	11	32	0	0	152.41	34.43	0	0	f8	f0	8	4	4	2929	1	0
41	2016	240	17	11	33	0	0	152.3	34.65	0	0	f8	f0	8	4	4	2929	1	0
41	2016	240	17	11	34	0	0	152.2	34.87	0	0	f8	f0	8	4	4	2929	1	0
41	2016	240	17	11	35	0	0	152.1	35.1	0	0	f8	f0	8	4	4	2929	1	0
41	2016	240	17	11	36	0	0	151.99	35.33	0	0	f8	f0	8	4	4	2929	1	0
41	2016	240	17	11	37	0	0	151.9	35.56	0	0	f8	f0	8	4	4	2929	1	0
41	2016	240	17	11	38	0	0	151.78	35.8	0	0	f8	f0	8	4	4	2929	1	0
41	2016	240	17	11	39	0	0	151.68	36.02	0	0	f8	f0	8	4	4	2929	1	0
42	2016	240	17	11	40	0	0	151.57	36.25	0	0	f8	f0	8	4	4	292a	1	0
42	2016	240	17	11	41	0	0	151.44	36.48	0	0	f8	f0	8	4	4	292a	1	0
42	2016	240	17	11	42	0	0	151.33	36.71	0	0	f8	f0	8	4	4	292a	1	0
42	2016	240	17	11	43	0	0	151.21	36.93	0	0	f8	f0	8	4	4	292a	1	0
42	2016	240	17	11	44	0	0	151.09	37.16	0	0	f8	f0	8	4	4	292a	1	0
42	2016	240	17	11	45	0	0	150.98	37.41	0	0	f8	f0	8	4	4	292a	1	0
42	2016	240	17	11	46	0	0	150.86	37.65	0	0	f8	f0	8	4	4	292a	1	0
42	2016	240	17	11	47	0	0	150.73	37.89	0	0	f8	f0	8	4	4	292a	1	0
42	2016	240	17	11	48	0	0	150.61	38.14	0	0	f8	f0	8	4	4	292a	1	0
42	2016	240	17	11	49	0	0	150.49	38.39	0	0	f8	f0	8	4	4	292a	1	0
43	2016	240	17	11	50	0	0	150.36	38.64	0	0	f8	f0	8	4	4	292b	1	0
43	2016	240	17	11	51	0	0	150.23	38.88	0	0	f8	f0	8	4	4	292b	1	0
43	2016	240	17	11	52	0	0	150.1	39.12	0	0	f8	f0	8	4	4	292b	1	0
43	2016	240	17	11	53	0	0	149.97	39.37	0	0	f8	f0	8	4	4	292b	1	0
43	2016	240	17	11	54	0	0	149.83	39.61	0	0	f8	f0	8	4	4	292b	1	0
43	2016	240	17	11	55	0	0	149.68	39.87	0	0	f8	f0	8	4	4	292b	1	0
43	2016	240	17	11	56	0	0	149.55	40.12	0	0	f8	f0	8	4	4	292b	1	0
43	2016	240	17	11	57	0	0	149.42	40.39	0	0	f8	f0	8	4	4	292b	1	0
43	2016	240	17	11	58	0	0	149.28	40.64	0	0	f8	f0	8	4	4	292b	1	0
43	2016	240	17	11	59	0	0	149.13	40.9	0	0	f8	f0	8	4	4	292b	1	0
44	2016	240	17	12	0	0	0	148.97	41.16	0	0	f8	f0	8	4	4	292c	1	0
44	2016	240	17	12	1	0	0	148.81	41.42	0	0	f8	f0	8	4	4	292c	1	0
44	2016	240	17	12	2	0	0	148.65	41.69	0	0	f8	f0	8	4	4	292c	1	0
44	2016	240	17	12	3	0	0	148.49	41.96	0	0	f8	f0	8	4	4	292c	1	0
44	2016	240	17	12	4	0	0	148.34	42.23	0	0	f8	f0	8	4	4	292c	1	0
44	2016	240	17	12	5	0	0	148.17	42.5	0	0	f8	f0	8	4	4	292c	1	0
44	2016	240	17	12	6	0	0	148	42.77	0	0	f8	f0	8	4	4	292c	1	0
44	2016	240	17	12	7	0	0	147.85	43.04	0	0	f8	f0	8	4	4	292c	1	0
44	2016	240	17	12	8	0	0	147.67	43.31	0	0	f8	f0	8	4	4	292c	1	0
44	2016	240	17	12	9	0	0	147.5	43.59	0	0	f8	f0	8	4	4	292c	1	0
45	2016	240	17	12	10	0	0	147.32	43.86	0	0	f8	f0	8	4	4	292d	1	0
45	2016	240	17	12	11	0	0	147.14	44.15	0	0	f8	f0	8	4	4	292d	1	0
45	2016	240	17	12	12	0	0	146.97	44.42	0	0	f8	f0	8	4	4	292d	1	0
45	2016	240	17	12	13	0	0	146.77	44.71	0	0	f8	f0	8	4	4	292d	1	0
45	2016	240	17	12	14	0	0	146.58	45.01	0	0	f8	f0	8	4	4	292d	1	0
45	2016	240	17	12	15	0	0	146.38	45.3	0	0	f8	f0	8	4	4	292d	1	0
45	2016	240	17	12	16	0	0	146.19	45.6	0	0	f8	f0	8	4	4	292d	1	0
45	2016	240	17	12	17	0	0	145.98	45.88	0	0	f8	f0	8	4	4	292d	1	0
45	2016	240	17	12	18	0	0	145.78	46.17	0	0	f8	f0	8	4	4	292d	1	0
45	2016	240	17	12	19	0	0	145.58	46.45	0	0	f8	f0	8	4	4	292d	1	0
46	2016	240	17	12	20	0	0	145.37	46.74	0	0	f8	f0	8	4	4	292e	1	0
46	2016	240	17	12	21	0	0	145.14	47.04	0	0	f8	f0	8	4	4	292e	1	0
46	2016	240	17	12	22	0	0	144.91	47.35	0	0	f8	f0	8	4	4	292e	1	0
46	2016	240	17	12	23	0	0	144.7	47.64	0	0	f8	f0	8	4	4	292e	1	0
46	2016	240	17	12	24	0	0	144.47	47.95	0	0	f8	f0	8	4	4	292e	1	0
46	2016	240	17	12	25	0	0	144.24	48.25	0	0	f8	f0	8	4	4	292e	1	0
46	2016	240	17	12	26	0	0	144	48.58	0	0	f8	f0	8	4	4	292e	1	0
46	2016	240	17	12	27	0	0	143.77	48.88	0	0	f8	f0	8	4	4	292e	1	0
46	2016	240	17	12	28	0	0	143.52	49.17	0	0	f8	f0	8	4	4	292e	1	0
46	2016	240	17	12	29	0	0	143.28	49.47	0	0	f8	f0	8	4	4	292e	1	0
47	2016	240	17	12	30	0	0	143.02	49.78	0	0	f8	f0	8	4	4	292f	1	0
47	2016	240	17	12	31	0	0	142.73	50.13	0	0	f8	f0	8	4	4	292f	1	0
47	2016	240	17	12	32	0	0	142.45	50.45	0	0	f8	f0	8	4	4	292f	1	0
47	2016	240	17	12	33	0	0	142.18	50.78	0	0	f8	f0	8	4	4	292f	1	0
47	2016	240	17	12	34	0	0	141.9	51.11	0	0	f8	f0	8	4	4	292f	1	0
47	2016	240	17	12	35	0	0	141.63	51.39	0	0	f8	f0	8	4	4	292f	1	0
47	2016	240	17	12	36	0	0	141.35	51.71	0	0	f8	f0	8	4	4	292f	1	0
47	2016	240	17	12	37	0	0	141.02	52.05	0	0	f8	f0	8	4	4	292f	1	0
47	2016	240	17	12	38	0	0	140.71	52.39	0	0	f8	f0	8	4	4	292f	1	0
47	2016	240	17	12	39	0	0	140.39	52.71	0	0	f8	f0	8	4	4	292f	1	0
48	2016	240	17	12	40	0	0	140.07	53.04	0	0	f8	f0	8	4	4	2930	1	0
48	2016	240	17	12	41	0	0	139.75	53.37	0	0	f8	f0	8	4	4	2930	1	0
48	2016	240	17	12	42	0	0	139.44	53.68	0	0	f8	f0	8	4	4	2930	1	0
48	2016	240	17	12	43	0	0	139.1	54.01	0	0	f8	f0	8	4	4	2930	1	0
48	2016	240	17	12	44	0	0	138.72	54.37	0	0	f8	f0	8	4	4	2930	1	0
48	2016	240	17	12	45	0	0	138.37	54.71	0	0	f8	f0	8	4	4	2930	1	0
48	2016	240	17	12	46	0	0	138	55.04	0	0	f8	f0	8	4	4	2930	1	0
48	2016	240	17	12	47	0	0	137.62	55.38	0	0	f8	f0	8	4	4	2930	1	0
48	2016	240	17	12	48	0	0	137.24	55.72	0	0	f8	f0	8	4	4	2930	1	0
48	2016	240	17	12	49	0	0	136.9	56.02	0	0	f8	f0	8	4	4	2930	1	0
49	2016	240	17	12	50	0	0	136.5	56.35	0	0	f8	f0	8	4	4	2931	1	0
49	2016	240	17	12	51	0	0	136.07	56.73	0	0	f8	f0	8	4	4	2931	1	0
49	2016	240	17	12	52	0	0	135.64	57.06	0	0	f8	f0	8	4	4	2931	1	0
49	2016	240	17	12	53	0	0	135.23	57.4	0	0	f8	f0	8	4	4	2931	1	0
49	2016	240	17	12	54	0	0	134.78	57.74	0	0	f8	f0	8	4	4	2931	1	0
49	2016	240	17	12	55	0	0	134.38	58.04	0	0	f8	f0	8	4	4	2931	1	0
49	2016	240	17	12	56	0	0	133.92	58.39	0	0	f8	f0	8	4	4	2931	1	0
49	2016	240	17	12	57	0	0	133.43	58.73	0	0	f8	f0	8	4	4	2931	1	0
49	2016	240	17	12	58	0	0	132.9	59.1	0	0	f8	f0	8	4	4	2931	1	0
49	2016	240	17	12	59	0	0	132.39	59.44	0	0	f8	f0	8	4	4	2931	1	0
50	2016	240	17	13	0	0	0	131.88	59.79	0	0	f8	f0	8	4	4	2932	1	0
50	2016	240	17	13	1	0	0	131.38	60.11	0	0	f8	f0	8	4	4	2932	1	0
50	2016	240	17	13	2	0	0	130.83	60.46	0	0	f8	f0	8	4	4	2932	1	0
50	2016	240	17	13	3	0	0	130.26	60.8	0	0	f8	f0	8	4	4	2932	1	0
50	2016	240	17	13	4	0	0	129.68	61.14	0	0	f8	f0	8	4	4	2932	1	0
50	2016	240	17	13	5	0	0	129.04	61.52	0	0	f8	f0	8	4	4	2932	1	0
50	2016	240	17	13	6	0	0	128.45	61.84	0	0	f8	f0	8	4	4	2932	1	0
50	2016	240	17	13	7	0	0	127.82	62.17	0	0	f8	f0	8	4	4	2932	1	0
50	2016	240	17	13	8	0	0	127.24	62.47	0	0	f8	f0	8	4	4	2932	1	0
50	2016	240	17	13	9	0	0	126.58	62.81	0	0	f8	f0	8	4	4	2932	1	0
51	2016	240	17	13	10	0	0	125.91	63.14	0	0	f8	f0	8	4	4	2933	1	0
51	2016	240	17	13	11	0	0	125.2	63.47	0	0	f8	f0	8	4	4	2933	1	0
51	2016	240	17	13	12	0	0	124.4	63.83	0	0	f8	f0	8	4	4	2933	1	0
51	2016	240	17	13	13	0	0	123.67	64.14	0	0	f8	f0	8	4	4	2933	1	0
51	2016	240	17	13	14	0	0	122.91	64.47	0	0	f8	f0	8	4	4	2933	1	0
51	2016	240	17	13	15	0	0	122.2	64.75	0	0	f8	f0	8	4	4	2933	1	0
51	2016	240	17	13	16	0	0	121.39	65.07	0	0	f8	f0	8	4	4	2933	1	0
51	2016	240	17	13	17	0	0	120.57	65.39	0	0	f8	f0	8	4	4	2933	1	0
51	2016	240	17	13	18	0	0	119.72	65.69	0	0	f8	f0	8	4	4	2933	1	0
51	2016	240	17	13	19	0	0	118.76	66.04	0	0	f8	f0	8	4	4	2933	1	0
52	2016	240	17	13	20	0	0	117.87	66.34	0	0	f8	f0	8	4	4	2934	1	0
52	2016	240	17	13	21	0	0	117.05	66.61	0	0	f8	f0	8	4	4	2934	1	0
52	2016	240	17	13	22	0	0	116.1	66.91	0	0	f8	f0	8	4	4	2934	1	0
52	2016	240	17	13	23	0	0	115.13	67.2	0	0	f8	f0	8	4	4	2934	1	0
52	2016	240	17	13	24	0	0	114.11	67.49	0	0	f8	f0	8	4	4	2934	1	0
52	2016	240	17	13	25	0	0	113.07	67.77	0	0	f8	f0	8	4	4	2934	1	0
52	2016	240	17	13	26	0	0	111.88	68.08	0	0	f8	f0	8	4	4	2934	1	0
52	2016	240	17	13	27	0	0	110.78	68.35	0	0	f8	f0	8	4	4	2934	1	0
52	2016	240	17	13	28	0	0	109.79	68.58	0	0	f8	f0	8	4	4	2934	1	0
52	2016	240	17	13	29	0	0	108.64	68.85	0	0	f8	f0	8	4	4	2934	1	0
53	2016	240	17	13	30	0	0	107.46	69.1	0	0	f8	f0	8	4	4	2935	1	0
53	2016	240	17	13	31	0	0	106.15	69.35	0	0	f8	f0	8	4	4	2935	1	0
53	2016	240	17	13	32	0	0	105.02	69.57	0	0	f8	f0	8	4	4	2935	1	0
53	2016	240	17	13	33	0	0	103.67	69.81	0	0	f8	f0	8	4	4	2935	1	0
53	2016	240	17	13	34	0	0	102.37	70.03	0	0	f8	f0	8	4	4	2935	1	0
53	2016	240	17	13	35	0	0	101.2	70.21	0	0	f8	f0	8	4	4	2935	1	0
53	2016	240	17	13	36	0	0	99.85	70.41	0	0	f8	f0	8	4	4	2935	1	0
53	2016	240	17	13	37	0	0	98.36	70.61	0	0	f8	f0	8	4	4	2935	1	0
53	2016	240	17	13	38	0	0	96.92	70.78	0	0	f8	f0	8	4	4	2935	1	0
53	2016	240	17	13	39	0	0	95.5	70.94	0	0	f8	f0	8	4	4	2935	1	0
54	2016	240	17	13	40	0	0	94.02	71.09	0	0	f8	f0	8	4	4	2936	1	0
54	2016	240	17	13	41	0	0	92.68	71.21	0	0	f8	f0	8	4	4	2936	1	0
54	2016	240	17	13	42	0	0	91.16	71.35	0	0	f8	f0	8	4	4	2936	1	0
54	2016	240	17	13	43	0	0	89.62	71.47	0	0	f8	f0	8	4	4	2936	1	0
54	2016	240	17	13	44	0	0	87.93	71.58	0	0	f8	f0	8	4	4	2936	1	0
54	2016	240	17	13	45	0	0	86.35	71.67	0	0	f8	f0	8	4	4	2936	1	0
54	2016	240	17	13	46	0	0	84.77	71.75	0	0	f8	f0	8	4	4	2936	1	0
54	2016	240	17	13	47	0	0	83.15	71.82	0	0	f8	f0	8	4	4	2936	1	0
54	2016	240	17	13	48	0	0	81.71	71.87	0	0	f8	f0	8	4	4	2936	1	0
54	2016	240	17	13	49	0	0	80.07	71.9	0	0	f8	f0	8	4	4	2936	1	0
55	2016	240	17	13	50	0	0	78.48	71.93	0	0	f8	f0	8	4	4	2937	1	0
55	2016	240	17	13	51	0	0	76.71	71.94	0	0	f8	f0	8	4	4	2937	1	0
55	2016	240	17	13	52	0	0	75.08	71.94	0	0	f8	f0	8	4	4	2937	1	0
55	2016	240	17	13	53	0	0	73.52	71.94	0	0	f8	f0	8	4	4	2937	1	0
55	2016	240	17	13	54	0	0	72.06	71.91	0	0	f8	f0	8	4	4	2937	1	0
55	2016	240	17	13	55	0	0	70.48	71.84	0	0	f8	f0	8	4	4	2937	1	0
55	2016	240	17	13	56	0	0	68.87	71.82	0	0	f8	f0	8	4	4	2937	1	0
55	2016	240	17	13	57	0	0	67.28	71.78	0	0	f8	f0	8	4	4	2937	1	0
55	2016	240	17	13	58	0	0	65.62	71.7	0	0	f8	f0	8	4	4	2937	1	0
55	2016	240	17	13	59	0	0	64.07	71.62	0	0	f8	f0	8	4	4	2937	1	0
56	2016	240	17	14	0	0	0	62.69	71.53	0	0	f8	f0	8	4	4	2938	1	0
56	2016	240	17	14	1	0	0	61.18	71.41	0	0	f8	f0	8	4	4	2938	1	0
56	2016	240	17	14	2	0	0	59.68	71.28	0	0	f8	f0	8	4	4	2938	1	0
56	2016	240	17	14	3	0	0	58.22	71.13	0	0	f8	f0	8	4	4	2938	1	0
56	2016	240	17	14	4	0	0	56.76	70.96	0	0	f8	f0	8	4	4	2938	1	0
56	2016	240	17	14	5	0	0	55.2	70.76	0	0	f8	f0	8	4	4	2938	1	0
56	2016	240	17	14	6	0	0	53.78	70.57	0	0	f8	f0	8	4	4	2938	1	0
56	2016	240	17	14	7	0	0	52.57	70.38	0	0	f8	f0	8	4	4	2938	1	0
56	2016	240	17	14	8	0	0	51.22	70.17	0	0	f8	f0	8	4	4	2938	1	0
56	2016	240	17	14	9	0	0	49.92	69.96	0	0	f8	f0	8	4	4	2938	1	0
57	2016	240	17	14	10	0	0	48.61	69.72	0	0	f8	f0	8	4	4	2939	1	0
57	2016	240	17	14	11	0	0	47.38	69.49	0	0	f8	f0	8	4	4	2939	1	0
57	2016	240	17	14	12	0	0	46.08	69.23	0	0	f8	f0	8	4	4	2939	1	0
57	2016	240	17	14	13	0	0	44.9	68.97	0	0	f8	f0	8	4	4	2939	1	0
57	2016	240	17	14	14	0	0	43.89	68.75	0	0	f8	f0	8	4	4	2939	1	0
57	2016	240	17	14	15	0	0	42.78	68.48	0	0	f8	f0	8	4	4	2939	1	0
57	2016	240	17	14	16	0	0	41.7	68.22	0	0	f8	f0	8	4	4	2939	1	0
57	2016	240	17	14	17	0	0	40.64	67.94	0	0	f8	f0	8	4	4	2939	1	0
57	2016	240	17	14	18	0	0	39.6	67.66	0	0	f8	f0	8	4	4	2939	1	0
57	2016	240	17	14	19	0	0	38.51	67.34	0	0	f8	f0	8	4	4	2939	1	0
58	2016	240	17	14	20	0	0	37.5	67.05	0	0	f8	f0	8	4	4	293a	1	0
58	2016	240	17	14	21	0	0	36.64	66.79	0	0	f8	f0	8	4	4	293a	1	0
58	2016	240	17	14	22	0	0	35.72	66.49	0	0	f8	f0	8	4	4	293a	1	0
58	2016	240	17	14	23	0	0	34.81	66.19	0	0	f8	f0	8	4	4	293a	1	0
58	2016	240	17	14	24	0	0	33.95	65.89	0	0	f8	f0	8	4	4	293a	1	0
58	2016	240	17	14	25	0	0	33.1	65.59	0	0	f8	f0	8	4	4	293a	1	0
58	2016	240	17	14	26	0	0	32.2	65.24	0	0	f8	f0	8	4	4	293a	1	0
58	2016	240	17	14	27	0	0	31.48	64.96	0	0	f8	f0	8	4	4	293a	1	0
58	2016	240	17	14	28	0	0	30.69	64.63	0	0	f8	f0	8	4	4	293a	1	0
58	2016	240	17	14	29	0	0	29.93	64.31	0	0	f8	f0	8	4	4	293a	1	0
59	2016	240	17	14	30	0	0	29.19	63.98	0	0	f8	f0	8	4	4	293b	1	0
59	2016	240	17	14	31	0	0	28.46	63.65	0	0	f8	f0	8	4	4	293b	1	0
59	2016	240	17	14	32	0	0	27.77	63.31	0	0	f8	f0	8	4	4	293b	1	0
59	2016	240	17	14	33	0	0	27	62.95	0	0	f8	f0	8	4	4	293b	1	0
59	2016	240	17	14	34	0	0	26.4	62.65	0	0	f8	f0	8	4	4	293b	1	0
59	2016	240	17	14	35	0	0	25.76	62.32	0	0	f8	f0	8	4	4	293b	1	0
59	2016	240	17	14	36	0	0	25.13	61.98	0	0	f8	f0	8	4	4	293b	1	0
59	2016	240	17	14	37	0	0	24.51	61.64	0	0	f8	f0	8	4	4	293b	1	0
59	2016	240	17	14	38	0	0	23.92	61.29	0	0	f8	f0	8	4	4	293b	1	0
59	2016	240	17	14	39	0	0	23.34	60.95	0	0	f8	f0	8	4	4	293b	1	0
60	2016	240	17	14	40	0	0	22.79	60.6	0	0	f8	f0	8	4	4	293c	1	0
60	2016	240	17	14	41	0	0	22.24	60.27	0	0	f8	f0	8	4	4	293c	1	0
60	2016	240	17	14	42	0	0	21.7	59.92	0	0	f8	f0	8	4	4	293c	1	0
60	2016	240	17	14	43	0	0	21.19	59.6	0	0	f8	f0	8	4	4	293c	1	0
60	2016	240	17	14	44	0	0	20.68	59.25	0	0	f8	f0	8	4	4	293c	1	0
60	2016	240	17	14	45	0	0	20.17	58.91	0	0	f8	f0	8	4	4	293c	1	0
60	2016	240	17	14	46	0	0	19.69	58.56	0	0	f8	f0	8	4	4	293c	1	0
60	2016	240	17	14	47	0	0	19.24	58.21	0	0	f8	f0	8	4	4	293c	1	0
60	2016	240	17	14	48	0	0	18.8	57.86	0	0	f8	f0	8	4	4	293c	1	0
60	2016	240	17	14	49	0	0	18.35	57.52	0	0	f8	f0	8	4	4	293c	1	0
61	2016	240	17	14	50	0	0	17.9	57.18	0	0	f8	f0	8	4	4	293d	1	0
61	2016	240	17	14	51	0	0	17.48	56.84	0	0	f8	f0	8	4	4	293d	1	0
61	2016	240	17	14	52	0	0	17.07	56.51	0	0	f8	f0	8	4	4	293d	1	0
61	2016	240	17	14	53	0	0	16.66	56.17	0	0	f8	f0	8	4	4	293d	1	0
61	2016	240	17	14	54	0	0	16.27	55.83	0	0	f8	f0	8	4	4	293d	1	0
61	2016	240	17	14	55	0	0	15.9	55.49	0	0	f8	f0	8	4	4	293d	1	0
61	2016	240	17	14	56	0	0	15.53	55.16	0	0	f8	f0	8	4	4	293d	1	0
61	2016	240	17	14	57	0	0	15.17	54.82	0	0	f8	f0	8	4	4	293d	1	0
61	2016	240	17	14	58	0	0	14.82	54.49	0	0	f8	f0	8	4	4	293d	1	0
61	2016	240	17	14	59	0	0	14.47	54.16	0	0	f8	f0	8	4	4	293d	1	0
62	2016	240	17	15	0	0	0	14.12	53.82	0	0	f8	f0	8	4	4	293e	1	0
62	2016	240	17	15	1	0	0	13.78	53.49	0	0	f8	f0	8	4	4	293e	1	0
62	2016	240	17	15	2	0	0	13.45	53.15	0	0	f8	f0	8	4	4	293e	1	0
62	2016	240	17	15	3	0	0	13.14	52.84	0	0	f8	f0	8	4	4	293e	1	0
62	2016	240	17	15	4	0	0	12.84	52.5	0	0	f8	f0	8	4	4	293e	1	0
62	2016	240	17	15	5	0	0	12.55	52.17	0	0	f8	f0	8	4	4	293e	1	0
62	2016	240	17	15	6	0	0	12.25	51.83	0	0	f8	f0	8	4	4	293e	1	0
62	2016	240	17	15	7	0	0	11.95	51.51	0	0	f8	f0	8	4	4	293e	1	0
62	2016	240	17	15	8	0	0	11.67	51.18	0	0	f8	f0	8	4	4	293e	1	0
62	2016	240	17	15	9	0	0	11.38	50.86	0	0	f8	f0	8	4	4	293e	1	0
63	2016	240	17	15	10	0	0	11.11	50.55	0	0	f8	f0	8	4	4	293f	1	0
63	2016	240	17	15	11	0	0	10.82	50.24	0	0	f8	f0	8	4	4	293f	1	0
63	2016	240	17	15	12	0	0	10.56	49.93	0	0	f8	f0	8	4	4	293f	1	0
63	2016	240	17	15	13	0	0	10.3	49.61	0	0	f8	f0	8	4	4	293f	1	0
63	2016	240	17	15	14	0	0	10.06	49.28	0	0	f8	f0	8	4	4	293f	1	0
63	2016	240	17	15	15	0	0	9.82	48.97	0	0	f8	f0	8	4	4	293f	1	0
63	2016	240	17	15	16	0	0	9.56	48.66	0	0	f8	f0	8	4	4	293f	1	0
63	2016	240	17	15	17	0	0	9.32	48.35	0	0	f8	f0	8	4	4	293f	1	0
63	2016	240	17	15	18	0	0	9.06	48.04	0	0	f8	f0	8	4	4	293f	1	0
63	2016	240	17	15	19	0	0	8.83	47.74	0	0	f8	f0	8	4	4	293f	1	0
64	2016	240	17	15	20	0	0	8.61	47.46	0	0	f8	f0	8	4	4	2940	1	0
64	2016	240	17	15	21	0	0	8.39	47.16	0	0	f8	f0	8	4	4	2940	1	0
64	2016	240	17	15	22	0	0	8.18	46.88	0	0	f8	f0	8	4	4	2940	1	0
64	2016	240	17	15	23	0	0	7.98	46.6	0	0	f8	f0	8	4	4	2940	1	0
64	2016	240	17	15	24	0	0	7.78	46.31	0	0	f8	f0	8	4	4	2940	1	0
64	2016	240	17	15	25	0	0	7.59	46.01	0	0	f8	f0	8	4	4	2940	1	0
64	2016	240	17	15	26	0	0	7.39	45.73	0	0	f8	f0	8	4	4	2940	1	0
64	2016	240	17	15	27	0	0	7.19	45.45	0	0	f8	f0	8	4	4	2940	1	0
64	2016	240	17	15	28	0	0	6.99	45.15	0	0	f8	f0	8	4	4	2940	1	0
64	2016	240	17	15	29	0	0	6.8	44.87	0	0	f8	f0	8	4	4	2940	1	0
65	2016	240	17	15	30	0	0	6.61	44.59	0	0	f8	f0	8	4	4	2941	1	0
65	2016	240	17	15	31	0	0	6.41	44.27	0	0	f8	f0	8	4	4	2941	1	0
65	2016	240	17	15	32	0	0	6.23	43.98	0	0	f8	f0	8	4	4	2941	1	0
65	2016	240	17	15	33	0	0	6.07	43.72	0	0	f8	f0	8	4	4	2941	1	0
65	2016	240	17	15	34	0	0	5.89	43.44	0	0	f8	f0	8	4	4	2941	1	0
65	2016	240	17	15	35	0	0	5.72	43.16	0	0	f8	f0	8	4	4	2941	1	0
65	2016	240	17	15	36	0	0	5.56	42.87	0	0	f8	f0	8	4	4	2941	1	0
65	2016	240	17	15	37	0	0	5.39	42.57	0	0	f8	f0	8	4	4	2941	1	0
65	2016	240	17	15	38	0	0	5.23	42.31	0	0	f8	f0	8	4	4	2941	1	0
65	2016	240	17	15	39	0	0	5.09	42.07	0	0	f8	f0	8	4	4	2941	1	0
66	2016	240	17	15	40	0	0	4.93	41.8	0	0	f8	f0	8	4	4	2942	1	0
66	2016	240	17	15	41	0	0	4.78	41.54	0	0	f8	f0	8	4	4	2942	1	0
66	2016	240	17	15	42	0	0	4.62	41.28	0	0	f8	f0	8	4	4	2942	1	0
66	2016	240	17	15	43	0	0	4.47	41.01	0	0	f8	f0	8	4	4	2942	1	0
66	2016	240	17	15	44	0	0	4.3	40.73	0	0	f8	f0	8	4	4	2942	1	0
66	2016	240	17	15	45	0	0	4.14	40.47	0	0	f8	f0	8	4	4	2942	1	0
66	2016	240	17	15	46	0	0	4.02	40.25	0	0	f8	f0	8	4	4	2942	1	0
66	2016	240	17	15	47	0	0	3.9	39.98	0	0	f8	f0	8	4	4	2942	1	0
66	2016	240	17	15	48	0	0	3.75	39.73	0	0	f8	f0	8	4	4	2942	1	0
66	2016	240	17	15	49	0	0	3.6	39.48	0	0	f8	f0	8	4	4	2942	1	0
67	2016	240	17	15	50	0	0	3.48	39.22	0	0	f8	f0	8	4	4	2943	1	0
67	2016	240	17	15	51	0	0	3.33	38.95	0	0	f8	f0	8	4	4	2943	1	0
67	2016	240	17	15	52	0	0	3.22	38.7	0	0	f8	f0	8	4	4	2943	1	0
67	2016	240	17	15	53	0	0	3.09	38.49	0	0	f8	f0	8	4	4	2943	1	0
67	2016	240	17	15	54	0	0	2.98	38.25	0	0	f8	f0	8	4	4	2943	1	0
67	2016	240	17	15	55	0	0	2.86	38	0	0	f8	f0	8	4	4	2943	1	0
67	2016	240	17	15	56	0	0	2.72	37.75	0	0	f8	f0	8	4	4	2943	1	0
67	2016	240	17	15	57	0	0	2.6	37.52	0	0	f8	f0	8	4	4	2943	1	0
67	2016	240	17	15	58	0	0	2.49	37.25	0	0	f8	f0	8	4	4	2943	1	0
67	2016	240	17	15	59	0	0	2.38	37.03	0	0	f8	f0	8	4	4	2943	1	0
68	2016	240	17	16	0	0	0	2.25	36.8	0	0	f8	f0	8	4	4	2944	1	0
68	2016	240	17	16	1	0	0	2.15	36.57	0	0	f8	f0	8	4	4	2944	1	0
68	2016	240	17	16	2	0	0	2.02	36.33	0	0	f8	f0	8	4	4	2944	1	0
68	2016	240	17	16	3	0	0	1.92	36.1	0	0	f8	f0	8	4	4	2944	1	0
68	2016	240	17	16	4	0	0	1.81	35.87	0	0	f8	f0	8	4	4	2944	1	0
68	2016	240	17	16	5	0	0	1.68	35.63	0	0	f8	f0	8	4	4	2944	1	0
68	2016	240	17	16	6	0	0	1.61	35.43	0	0	f8	f0	8	4	4	2944	1	0
68	2016	240	17	16	7	0	0	1.49	35.21	0	0	f8	f0	8	4	4	2944	1	0
68	2016	240	17	16	8	0	0	1.39	35	0	0	f8	f0	8	4	4	2944	1	0
68	2016	240	17	16	9	0	0	1.3	34.77	0	0	f8	f0	8	4	4	2944	1	0
69	2016	240	17	16	10	0	0	1.18	34.55	0	0	f8	f0	8	4	4	2945	1	0
69	2016	240	17	16	11	0	0	1.1	34.32	0	0	f8	f0	8	4	4	2945	1	0
69	2016	240	17	16	12	0	0	1	34.11	0	0	f8	f0	8	4	4	2945	1	0
69	2016	240	17	16	13	0	0	0.92	33.9	0	0	f8	f0	8	4	4	2945	1	0
69	2016	240	17	16	14	0	0	0.81	33.68	0	0	f8	f0	8	4	4	2945	1	0
69	2016	240	17	16	15	0	0	0.73	33.48	0	0	f8	f0	8	4	4	2945	1	0
69	2016	240	17	16	16	0	0	0.62	33.27	0	0	f8	f0	8	4	4	2945	1	0
69	2016	240	17	16	17	0	0	0.55	33.08	0	0	f8	f0	8	4	4	2945	1	0
69	2016	240	17	16	18	0	0	0.44	32.87	0	0	f8	f0	8	4	4	2945	1	0
69	2016	240	17	16	19	0	0	0.37	32.67	0	0	f8	f0	8	4	4	2945	1	0
70	2016	240	17	16	20	0	0	0.28	32.45	0	0	f8	f0	8	4	4	2946	1	0
70	2016	240	17	16	21	0	0	0.21	32.25	0	0	f8	f0	8	4	4	2946	1	0
70	2016	240	17	16	22	0	0	0.1	32.03	0	0	f8	f0	8	4	4	2946	1	0
70	2016	240	17	16	23	0	0	0.05	31.82	0	0	f8	f0	8	4	4	2946	1	0
70	2016	240	17	16	24	0	0	359.94	31.62	0	0	f8	f0	8	4	4	2946	1	0
70	2016	240	17	16	25	0	0	359.88	31.42	0	0	f8	f0	8	4	4	2946	1	0
70	2016	240	17	16	26	0	0	359.78	31.23	0	0	f8	f0	8	4	4	2946	1	0
70	2016	240	17	16	27	0	0	359.72	31.03	0	0	f8	f0	8	4	4	2946	1	0
70	2016	240	17	16	28	0	0	359.63	30.85	0	0	f8	f0	8	4	4	2946	1	0
70	2016	240	17	16	29	0	0	359.56	30.65	0	0	f8	f0	8	4	4	2946	1	0
71	2016	240	17	16	30	0	0	359.49	30.46	0	0	f8	f0	8	4	4	2947	1	0
71	2016	240	17	16	31	0	0	359.4	30.25	0	0	f8	f0	8	4	4	2947	1	0
71	2016	240	17	16	32	0	0	359.34	30.08	0	0	f8	f0	8	4	4	2947	1	0
71	2016	240	17	16	33	0	0	359.25	29.89	0	0	f8	f0	8	4	4	2947	1	0
71	2016	240	17	16	34	0	0	359.2	29.7	0	0	f8	f0	8	4	4	2947	1	0
71	2016	240	17	16	35	0	0	359.1	29.5	0	0	f8	f0	8	4	4	2947	1	0
71	2016	240	17	16	36	0	0	359.03	29.31	0	0	f8	f0	8	4	4	2947	1	0
71	2016	240	17	16	37	0	0	358.95	29.1	0	0	f8	f0	8	4	4	2947	1	0
71	2016	240	17	16	38	0	0	358.89	28.94	0	0	f8	f0	8	4	4	2947	1	0
71	2016	240	17	16	39	0	0	358.82	28.75	0	0	f8	f0	8	4	4	2947	1	0
72	2016	240	17	16	40	0	0	358.73	28.56	0	0	f8	f0	8	4	4	2948	1	0
72	2016	240	17	16	41	0	0	358.69	28.38	0	0	f8	f0	8	4	4	2948	1	0
72	2016	240	17	16	42	0	0	358.61	28.21	0	0	f8	f0	8	4	4	2948	1	0
72	2016	240	17	16	43	0	0	358.54	28.03	0	0	f8	f0	8	4	4	2948	1	0
72	2016	240	17	16	44	0	0	358.49	27.84	0	0	f8	f0	8	4	4	2948	1	0
72	2016	240	17	16	45	0	0	358.41	27.69	0	0	f8	f0	8	4	4	2948	1	0
72	2016	240	17	16	46	0	0	358.36	27.51	0	0	f8	f0	8	4	4	2948	1	0
72	2016	240	17	16	47	0	0	358.29	27.34	0	0	f8	f0	8	4	4	2948	1	0
72	2016	240	17	16	48	0	0	358.21	27.17	0	0	f8	f0	8	4	4	2948	1	0
72	2016	240	17	16	49	0	0	358.17	27	0	0	f8	f0	8	4	4	2948	1	0
73	2016	240	17	16	50	0	0	358.12	26.83	0	0	f8	f0	8	4	4	2949	1	0
73	2016	240	17	16	51	0	0	358.03	26.64	0	0	f8	f0	8	4	4	2949	1	0
73	2016	240	17	16	52	0	0	358	26.49	0	0	f8	f0	8	4	4	2949	1	0
73	2016	240	17	16	53	0	0	357.94	26.32	0	0	f8	f0	8	4	4	2949	1	0
73	2016	240	17	16	54	0	0	357.86	26.15	0	0	f8	f0	8	4	4	2949	1	0
73	2016	240	17	16	55	0	0	357.83	25.99	0	0	f8	f0	8	4	4	2949	1	0
73	2016	240	17	16	56	0	0	357.76	25.83	0	0	f8	f0	8	4	4	2949	1	0
73	2016	240	17	16	57	0	0	357.69	25.66	0	0	f8	f0	8	4	4	2949	1	0
73	2016	240	17	16	58	0	0	357.65	25.5	0	0	f8	f0	8	4	4	2949	1	0
73	2016	240	17	16	59	0	0	357.59	25.33	0	0	f8	f0	8	4	4	2949	1	0
74	2016	240	17	17	0	0	0	357.52	25.18	0	0	f8	f0	8	4	4	294a	1	0
74	2016	240	17	17	1	0	0	357.49	25.01	0	0	f8	f0	8	4	4	294a	1	0
74	2016	240	17	17	2	0	0	357.42	24.86	0	0	f8	f0	8	4	4	294a	1	0
74	2016	240	17	17	3	0	0	357.36	24.7	0	0	f8	f0	8	4	4	294a	1	0
74	2016	240	17	17	4	0	0	357.33	24.55	0	0	f8	f0	8	4	4	294a	1	0
74	2016	240	17	17	5	0	0	357.28	24.39	0	0	f8	f0	8	4	4	294a	1	0
74	2016	240	17	17	6	0	0	357.21	24.23	0	0	f8	f0	8	4	4	294a	1	0
74	2016	240	17	17	7	0	0	357.16	24.08	0	0	f8	f0	8	4	4	294a	1	0
74	2016	240	17	17	8	0	0	357.13	23.92	0	0	f8	f0	8	4	4	294a	1	0
74	2016	240	17	17	9	0	0	357.07	23.77	0	0	f8	f0	8	4	4	294a	1	0
75	2016	240	17	17	10	0	0	357.01	23.63	0	0	f8	f0	8	4	4	294b	1	0
75	2016	240	17	17	11	0	0	356.96	23.48	0	0	f8	f0	8	4	4	294b	1	0
75	2016	240	17	17	12	0	0	356.92	23.34	0	0	f8	f0	8	4	4	294b	1	0
75	2016	240	17	17	13	0	0	356.86	23.18	0	0	f8	f0	8	4	4	294b	1	0
75	2016	240	17	17	14	0	0	356.82	23.04	0	0	f8	f0	8	4	4	294b	1	0
75	2016	240	17	17	15	0	0	356.78	22.88	0	0	f8	f0	8	4	4	294b	1	0
75	2016	240	17	17	16	0	0	356.72	22.73	0	0	f8	f0	8	4	4	294b	1	0
75	2016	240	17	17	17	0	0	356.67	22.58	0	0	f8	f0	8	4	4	294b	1	0
75	2016	240	17	17	18	0	0	356.64	22.44	0	0	f8	f0	8	4	4	294b	1	0
75	2016	240	17	17	19	0	0	356.6	22.29	0	0	f8	f0	8	4	4	294b	1	0
76	2016	240	17	17	20	0	0	356.54	22.15	0	0	f8	f0	8	4	4	294c	1	0
76	2016	240	17	17	21	0	0	356.48	22	0	0	f8	f0	8	4	4	294c	1	0
76	2016	240	17	17	22	0	0	356.46	21.86	0	0	f8	f0	8	4	4	294c	1	0
76	2016	240	17	17	23	0	0	356.41	21.72	0	0	f8	f0	8	4	4	294c	1	0
76	2016	240	17	17	24	0	0	356.36	21.58	0	0	f8	f0	8	4	4	294c	1	0
76	2016	240	17	17	25	0	0	356.31	21.45	0	0	f8	f0	8	4	4	294c	1	0
76	2016	240	17	17	26	0	0	356.28	21.32	0	0	f8	f0	8	4	4	294c	1	0
76	2016	240	17	17	27	0	0	356.24	21.19	0	0	f8	f0	8	4	4	294c	1	0
76	2016	240	17	17	28	0	0	356.19	21.06	0	0	f8	f0	8	4	4	294c	1	0
76	2016	240	17	17	29	0	0	356.14	20.93	0	0	f8	f0	8	4	4	294c	1	0
77	2016	240	17	17	30	0	0	356.11	20.8	0	0	f8	f0	8	4	4	294d	1	0
77	2016	240	17	17	31	0	0	356.07	20.67	0	0	f8	f0	8	4	4	294d	1	0
77	2016	240	17	17	32	0	0	356.02	20.54	0	0	f8	f0	8	4	4	294d	1	0
77	2016	240	17	17	33	0	0	355.97	20.41	0	0	f8	f0	8	4	4	294d	1	0
77	2016	240	17	17	34	0	0	355.94	20.27	0	0	f8	f0	8	4	4	294d	1	0
77	2016	240	17	17	35	0	0	355.92	20.13	0	0	f8	f0	8	4	4	294d	1	0
77	2016	240	17	17	36	0	0	355.86	20	0	0	f8	f0	8	4	4	294d	1	0
77	2016	240	17	17	37	0	0	355.82	19.85	0	0	f8	f0	8	4	4	294d	1	0
77	2016	240	17	17	38	0	0	355.79	19.73	0	0	f8	f0	8	4	4	294d	1	0
77	2016	240	17	17	39	0	0	355.76	19.6	0	0	f8	f0	8	4	4	294d	1	0
78	2016	240	17	17	40	0	0	355.72	19.47	0	0	f8	f0	8	4	4	294e	1	0
78	2016	240	17	17	41	0	0	355.68	19.34	0	0	f8	f0	8	4	4	294e	1	0
78	2016	240	17	17	42	0	0	355.64	19.22	0	0	f8	f0	8	4	4	294e	1	0
78	2016	240	17	17	43	0	0	355.6	19.08	0	0	f8	f0	8	4	4	294e	1	0
78	2016	240	17	17	44	0	0	355.57	18.96	0	0	f8	f0	8	4	4	294e	1	0
78	2016	240	17	17	45	0	0	355.53	18.84	0	0	f8	f0	8	4	4	294e	1	0
78	2016	240	17	17	46	0	0	355.5	18.72	0	0	f8	f0	8	4	4	294e	1	0
78	2016	240	17	17	47	0	0	355.46	18.6	0	0	f8	f0	8	4	4	294e	1	0
78	2016	240	17	17	48	0	0	355.43	18.48	0	0	f8	f0	8	4	4	294e	1	0
78	2016	240	17	17	49	0	0	355.39	18.37	0	0	f8	f0	8	4	4	294e	1	0
79	2016	240	17	17	50	0	0	355.37	18.26	0	0	f8	f0	8	4	4	294f	1	0
79	2016	240	17	17	51	0	0	355.32	18.15	0	0	f8	f0	8	4	4	294f	1	0
79	2016	240	17	17	52	0	0	355.28	18.03	0	0	f8	f0	8	4	4	294f	1	0
79	2016	240	17	17	53	0	0	355.26	17.91	0	0	f8	f0	8	4	4	294f	1	0
79	2016	240	17	17	54	0	0	355.24	17.8	0	0	f8	f0	8	4	4	294f	1	0
79	2016	240	17	17	55	0	0	355.19	17.68	0	0	f8	f0	8	4	4	294f	1	0
79	2016	240	17	17	56	0	0	355.16	17.56	0	0	f8	f0	8	4	4	294f	1	0
79	2016	240	17	17	57	0	0	355.13	17.44	0	0	f8	f0	8	4	4	294f	1	0
79	2016	240	17	17	58	0	0	355.11	17.32	0	0	f8	f0	8	4	4	294f	1	0
79	2016	240	17	17	59	0	0	355.07	17.19	0	0	f8	f0	8	4	4	294f	1	0
80	2016	240	17	18	0	0	0	355.04	17.08	0	0	f8	f0	8	4	4	2950	1	0
80	2016	240	17	18	1	0	0	355.01	16.95	0	0	f8	f0	8	4	4	2950	1	0
80	2016	240	17	18	2	0	0	354.97	16.84	0	0	f8	f0	8	4	4	2950	1	0
80	2016	240	17	18	3	0	0	354.95	16.72	0	0	f8	f0	8	4	4	2950	1	0
80	2016	240	17	18	4	0	0	354.91	16.61	0	0	f8	f0	8	4	4	2950	1	0
80	2016	240	17	18	5	0	0	354.91	16.5	0	0	f8	f0	8	4	4	2950	1	0
80	2016	240	17	18	6	0	0	354.86	16.39	0	0	f8	f0	8	4	4	2950	1	0
80	2016	240	17	18	7	0	0	354.83	16.28	0	0	f8	f0	8	4	4	2950	1	0
80	2016	240	17	18	8	0	0	354.79	16.17	0	0	f8	f0	8	4	4	2950	1	0
80	2016	240	17	18	9	0	0	354.76	16.05	0	0	f8	f0	8	4	4	2950	1	0
81	2016	240	17	18	10	0	0	354.75	15.95	0	0	f8	f0	8	4	4	2951	1	0
81	2016	240	17	18	11	0	0	354.71	15.84	0	0	f8	f0	8	4	4	2951	1	0
81	2016	240	17	18	12	0	0	354.69	15.73	0	0	f8	f0	8	4	4	2951	1	0
81	2016	240	17	18	13	0	0	354.65	15.62	0	0	f8	f0	8	4	4	2951	1	0
81	2016	240	17	18	14	0	0	354.62	15.51	0	0	f8	f0	8	4	4	2951	1	0
81	2016	240	17	18	15	0	0	354.58	15.41	0	0	f8	f0	8	4	4	2951	1	0
81	2016	240	17	18	16	0	0	354.57	15.3	0	0	f8	f0	8	4	4	2951	1	0
81	2016	240	17	18	17	0	0	354.56	15.19	0	0	f8	f0	8	4	4	2951	1	0
81	2016	240	17	18	18	0	0	354.5	15.08	0	0	f8	f0	8	4	4	2951	1	0
81	2016	240	17	18	19	0	0	354.49	14.97	0	0	f8	f0	8	4	4	2951	1	0
82	2016	240	17	18	20	0	0	354.48	14.87	0	0	f8	f0	8	4	4	2952	1	0
82	2016	240	17	18	21	0	0	354.42	14.77	0	0	f8	f0	8	4	4	2952	1	0
82	2016	240	17	18	22	0	0	354.4	14.66	0	0	f8	f0	8	4	4	2952	1	0
82	2016	240	17	18	23	0	0	354.39	14.55	0	0	f8	f0	8	4	4	2952	1	0
82	2016	240	17	18	24	0	0	354.38	14.44	0	0	f8	f0	8	4	4	2952	1	0
82	2016	240	17	18	25	0	0	354.33	14.34	0	0	f8	f0	8	4	4	2952	1	0
82	2016	240	17	18	26	0	0	354.3	14.24	0	0	f8	f0	8	4	4	2952	1	0
82	2016	240	17	18	27	0	0	354.28	14.12	0	0	f8	f0	8	4	4	2952	1	0
82	2016	240	17	18	28	0	0	354.24	14.02	0	0	f8	f0	8	4	4	2952	1	0
82	2016	240	17	18	29	0	0	354.23	13.91	0	0	f8	f0	8	4	4	2952	1	0
83	2016	240	17	18	30	0	0	354.22	13.81	0	0	f8	f0	8	4	4	2953	1	0
83	2016	240	17	18	31	0	0	354.17	13.71	0	0	f8	f0	8	4	4	2953	1	0
83	2016	240	17	18	32	0	0	354.15	13.61	0	0	f8	f0	8	4	4	2953	1	0
83	2016	240	17	18	33	0	0	354.15	13.52	0	0	f8	f0	8	4	4	2953	1	0
83	2016	240	17	18	34	0	0	354.11	13.42	0	0	f8	f0	8	4	4	2953	1	0
83	2016	240	17	18	35	0	0	354.07	13.32	0	0	f8	f0	8	4	4	2953	1	0
83	2016	240	17	18	36	0	0	354.06	13.23	0	0	f8	f0	8	4	4	2953	1	0
83	2016	240	17	18	37	0	0	354.05	13.13	0	0	f8	f0	8	4	4	2953	1	0
83	2016	240	17	18	38	0	0	354	13.03	0	0	f8	f0	8	4	4	2953	1	0
83	2016	240	17	18	39	0	0	353.99	12.94	0	0	f8	f0	8	4	4	2953	1	0
84	2016	240	17	18	40	0	0	353.97	12.84	0	0	f8	f0	8	4	4	2954	1	0
84	2016	240	17	18	41	0	0	353.93	12.74	0	0	f8	f0	8	4	4	2954	1	0
84	2016	240	17	18	42	0	0	353.91	12.65	0	0	f8	f0	8	4	4	2954	1	0
84	2016	240	17	18	43	0	0	353.89	12.55	0	0	f8	f0	8	4	4	2954	1	0
84	2016	240	17	18	44	0	0	353.88	12.46	0	0	f8	f0	8	4	4	2954	1	0
84	2016	240	17	18	45	0	0	353.85	12.36	0	0	f8	f0	8	4	4	2954	1	0
84	2016	240	17	18	46	0	0	353.81	12.26	0	0	f8	f0	8	4	4	2954	1	0
84	2016	240	17	18	47	0	0	353.81	12.17	0	0	f8	f0	8	4	4	2954	1	0
84	2016	240	17	18	48	0	0	353.8	12.07	0	0	f8	f0	8	4	4	2954	1	0
84	2016	240	17	18	49	0	0	353.75	11.98	0	0	f8	f0	8	4	4	2954	1	0
85	2016	240	17	18	50	0	0	353.74	11.88	0	0	f8	f0	8	4	4	2955	1	0
85	2016	240	17	18	51	0	0	353.73	11.79	0	0	f8	f0	8	4	4	2955	1	0
85	2016	240	17	18	52	0	0	353.69	11.69	0	0	f8	f0	8	4	4	2955	1	0
85	2016	240	17	18	53	0	0	353.68	11.6	0	0	f8	f0	8	4	4	2955	1	0
85	2016	240	17	18	54	0	0	353.67	11.51	0	0	f8	f0	8	4	4	2955	1	0
85	2016	240	17	18	55	0	0	353.66	11.42	0	0	f8	f0	8	4	4	2955	1	0
85	2016	240	17	18	56	0	0	353.6	11.33	0	0	f8	f0	8	4	4	2955	1	0
85	2016	240	17	18	57	0	0	353.6	11.23	0	0	f8	f0	8	4	4	2955	1	0
85	2016	240	17	18	58	0	0	353.57	11.14	0	0	f8	f0	8	4	4	2955	1	0
85	2016	240	17	18	59	0	0	353.54	11.05	0	0	f8	f0	8	4	4	2955	1	0
86	2016	240	17	19	0	0	0	353.54	10.96	0	0	f8	f0	8	4	4	2956	1	0
86	2016	240	17	19	1	0	0	353.54	10.86	0	0	f8	f0	8	4	4	2956	1	0
86	2016	240	17	19	2	0	0	353.49	10.77	0	0	f8	f0	8	4	4	2956	1	0
86	2016	240	17	19	3	0	0	353.47	10.68	0	0	f8	f0	8	4	4	2956	1	0
86	2016	240	17	19	4	0	0	353.47	10.59	0	0	f8	f0	8	4	4	2956	1	0
86	2016	240	17	19	5	0	0	353.46	10.5	0	0	f8	f0	8	4	4	2956	1	0
86	2016	240	17	19	6	0	0	353.4	10.42	0	0	f8	f0	8	4	4	2956	1	0
86	2016	240	17	19	7	0	0	353.4	10.33	0	0	f8	f0	8	4	4	2956	1	0
86	2016	240	17	19	8	0	0	353.4	10.25	0	0	f8	f0	8	4	4	2956	1	0
86	2016	240	17	19	9	0	0	353.35	10.17	0	0	f8	f0	8	4	4	2956	1	0
87	2016	240	17	19	10	0	0	353.34	10.09	0	0	f8	f0	8	4	4	2957	1	0
87	2016	240	17	19	11	0	0	353.34	10.02	0	0	f8	f0	8	4	4	2957	1	0
87	2016	240	17	19	12	0	0	353.32	9.93	0	0	f8	f0	8	4	4	2957	1	0
87	2016	240	17	19	13	0	0	353.28	9.85	0	0	f8	f0	8	4	4	2957	1	0
87	2016	240	17	19	14	0	0	353.28	9.77	0	0	f8	f0	8	4	4	2957	1	0
87	2016	240	17	19	15	0	0	353.26	9.68	0	0	f8	f0	8	4	4	2957	1	0
87	2016	240	17	19	16	0	0	353.23	9.59	0	0	f8	f0	8	4	4	2957	1	0
87	2016	240	17	19	17	0	0	353.2	9.5	0	0	f8	f0	8	4	4	2957	1	0
87	2016	240	17	19	18	0	0	353.2	9.41	0	0	f8	f0	8	4	4	2957	1	0
87	2016	240	17	19	19	0	0	353.19	9.32	0	0	f8	f0	8	4	4	2957	1	0
88	2016	240	17	19	20	0	0	353.14	9.24	0	0	f8	f0	8	4	4	2958	1	0
88	2016	240	17	19	21	0	0	353.14	9.17	0	0	f8	f0	8	4	4	2958	1	0
88	2016	240	17	19	22	0	0	353.14	9.08	0	0	f8	f0	8	4	4	2958	1	0
88	2016	240	17	19	23	0	0	353.13	9	0	0	f8	f0	8	4	4	2958	1	0
88	2016	240	17	19	24	0	0	353.09	8.92	0	0	f8	f0	8	4	4	2958	1	0
88	2016	240	17	19	25	0	0	353.06	8.84	0	0	f8	f0	8	4	4	2958	1	0
88	2016	240	17	19	26	0	0	353.06	8.75	0	0	f8	f0	8	4	4	2958	1	0
88	2016	240	17	19	27	0	0	353.04	8.67	0	0	f8	f0	8	4	4	2958	1	0
88	2016	240	17	19	28	0	0	352.99	8.58	0	0	f8	f0	8	4	4	2958	1	0
88	2016	240	17	19	29	0	0	352.99	8.5	0	0	f8	f0	8	4	4	2958	1	0
89	2016	240	17	19	30	0	0	352.99	8.42	0	0	f8	f0	8	4	4	2959	1	0
89	2016	240	17	19	31	0	0	352.99	8.34	0	0	f8	f0	8	4	4	2959	1	0
89	2016	240	17	19	32	0	0	352.99	8.26	0	0	f8	f0	8	4	4	2959	1	0
89	2016	240	17	19	33	0	0	352.94	8.18	0	0	f8	f0	8	4	4	2959	1	0
89	2016	240	17	19	34	0	0	352.92	8.1	0	0	f8	f0	8	4	4	2959	1	0
89	2016	240	17	19	35	0	0	352.89	8.03	0	0	f8	f0	8	4	4	2959	1	0
89	2016	240	17	19	36	0	0	352.86	7.95	0	0	f8	f0	8	4	4	2959	1	0
89	2016	240	17	19	37	0	0	352.86	7.84	0	0	f8	f0	8	4	4	2959	1	0
89	2016	240	17	19	38	0	0	352.86	7.77	0	0	f8	f0	8	4	4	2959	1	0
89	2016	240	17	19	39	0	0	352.86	7.69	0	0	f8	f0	8	4	4	2959	1	0
90	2016	240	17	19	40	0	0	352.86	7.62	0	0	f8	f0	8	4	4	295a	1	0
90	2016	240	17	19	41	0	0	352.83	7.54	0	0	f8	f0	8	4	4	295a	1	0
90	2016	240	17	19	42	0	0	352.78	7.47	0	0	f8	f0	8	4	4	295a	1	0
90	2016	240	17	19	43	0	0	352.77	7.4	0	0	f8	f0	8	4	4	295a	1	0
90	2016	240	17	19	44	0	0	352.77	7.31	0	0	f8	f0	8	4	4	295a	1	0
90	2016	240	17	19	45	0	0	352.74	7.24	0	0	f8	f0	8	4	4	295a	1	0
90	2016	240	17	19	46	0	0	352.73	7.16	0	0	f8	f0	8	4	4	295a	1	0
90	2016	240	17	19	47	0	0	352.72	7.08	0	0	f8	f0	8	4	4	295a	1	0
90	2016	240	17	19	48	0	0	352.72	7	0	0	f8	f0	8	4	4	295a	1	0
90	2016	240	17	19	49	0	0	352.7	6.93	0	0	f8	f0	8	4	4	295a	1	0
91	2016	240	17	19	50	0	0	352.67	6.85	0	0	f8	f0	8	4	4	295b	1	0
91	2016	240	17	19	51	0	0	352.66	6.77	0	0	f8	f0	8	4	4	295b	1	0
91	2016	240	17	19	52	0	0	352.66	6.71	0	0	f8	f0	8	4	4	295b	1	0
91	2016	240	17	19	53	0	0	352.63	6.62	0	0	f8	f0	8	4	4	295b	1	0
91	2016	240	17	19	54	0	0	352.61	6.55	0	0	f8	f0	8	4	4	295b	1	0
91	2016	240	17	19	55	0	0	352.6	6.48	0	0	f8	f0	8	4	4	295b	1	0
91	2016	240	17	19	56	0	0	352.6	6.41	0	0	f8	f0	8	4	4	295b	1	0
91	2016	240	17	19	57	0	0	352.6	6.34	0	0	f8	f0	8	4	4	295b	1	0
91	2016	240	17	19	58	0	0	352.57	6.26	0	0	f8	f0	8	4	4	295b	1	0
91	2016	240	17	19	59	0	0	352.54	6.2	0	0	f8	f0	8	4	4	295b	1	0
92	2016	240	17	20	0	0	0	352.52	6.12	0	0	f8	f0	8	4	4	295c	1	0
92	2016	240	17	20	1	0	0	352.51	6.06	0	0	f8	f0	8	4	4	295c	1	0
92	2016	240	17	20	2	0	0	352.51	5.99	0	0	f8	f0	8	4	4	295c	1	0
92	2016	240	17	20	3	0	0	352.49	5.92	0	0	f8	f0	8	4	4	295c	1	0
92	2016	240	17	20	4	0	0	352.46	5.85	0	0	f8	f0	8	4	4	295c	1	0
92	2016	240	17	20	5	0	0	352.46	5.77	0	0	f8	f0	8	4	4	295c	1	0
92	2016	240	17	20	6	0	0	352.46	5.71	0	0	f8	f0	8	4	4	295c	1	0
92	2016	240	17	20	7	0	0	352.46	5.64	0	0	f8	f0	8	4	4	295c	1	0
92	2016	240	17	20	8	0	0	352.44	5.57	0	0	f8	f0	8	4	4	295c	1	0
92	2016	240	17	20	9	0	0	352.41	5.51	0	0	f8	f0	8	4	4	295c	1	0
93	2016	240	17	20	10	0	0	352.4	5.45	0	0	f8	f0	8	4	4	295d	1	0
93	2016	240	17	20	11	0	0	352.38	5.38	0	0	f8	f0	8	4	4	295d	1	0
93	2016	240	17	20	12	0	0	352.38	5.3	0	0	f8	f0	8	4	4	295d	1	0
93	2016	240	17	20	13	0	0	352.36	5.21	0	0	f8	f0	8	4	4	295d	1	0
93	2016	240	17	20	14	0	0	352.33	5.14	0	0	f8	f0	8	4	4	295d	1	0
93	2016	240	17	20	15	0	0	352.32	5.06	0	0	f8	f0	8	4	4	295d	1	0
93	2016	240	17	20	16	0	0	352.32	4.99	0	0	f8	f0	8	4	4	295d	1	0
93	2016	240	17	20	17	0	0	352.32	4.91	0	0	f8	f0	8	4	4	295d	1	0
93	2016	240	17	20	18	0	0	352.31	4.85	0	0	f8	f0	8	4	4	295d	1	0
93	2016	240	17	20	19	0	0	352.28	4.77	0	0	f8	f0	8	4	4	295d	1	0
94	2016	240	17	20	20	0	0	352.28	4.7	0	0	f8	f0	8	4	4	295e	1	0
94	2016	240	17	20	21	0	0	352.28	4.64	0	0	f8	f0	8	4	4	295e	1	0
94	2016	240	17	20	22	0	0	352.27	4.58	0	0	f8	f0	8	4	4	295e	1	0
94	2016	240	17	20	23	0	0	352.24	4.52	0	0	f8	f0	8	4	4	295e	1	0
94	2016	240	17	20	24	0	0	352.22	4.44	0	0	f8	f0	8	4	4	295e	1	0
94	2016	240	17	20	25	0	0	352.21	4.37	0	0	f8	f0	8	4	4	295e	1	0
94	2016	240	17	20	26	0	0	352.19	4.29	0	0	f8	f0	8	4	4	295e	1	0
94	2016	240	17	20	27	0	0	352.19	4.22	0	0	f8	f0	8	4	4	295e	1	0
94	2016	240	17	20	28	0	0	352.19	3.99	0	3	f8	f0	8	4	4	295e	1	0
94	2016	240	17	20	29	0	0	352.19	3.83	0	3	f8	f0	8	4	4	295e	1	0
95	2016	240	17	20	30	0	0	352.19	3.78	0	3	f8	f0	8	4	4	295f	1	0
95	2016	240	17	20	31	0	0	352.18	3.72	0	3	f8	f0	8	4	4	295f	1	0
95	2016	240	17	20	32	0	0	352.16	3.65	0	3	f8	f0	8	4	4	295f	1	0
95	2016	240	17	20	33	0	0	352.15	3.58	0	3	f8	f0	8	4	4	295f	1	0
95	2016	240	17	20	34	0	0	352.13	3.52	0	3	f8	f0	8	4	4	295f	1	0
95	2016	240	17	20	35	0	0	352.13	3.46	0	3	f8	f0	8	4	4	295f	1	0
95	2016	240	17	20	36	0	0	352.12	3.39	0	3	f8	f0	8	4	4	295f	1	0
95	2016	240	17	20	37	0	0	352.1	3.32	0	3	f8	f0	8	4	4	295f	1	0
95	2016	240	17	20	38	0	0	352.1	3.25	0	3	f8	f0	8	4	4	295f	1	0
95	2016	240	17	20	39	0	0	352.08	3.19	0	3	f8	f0	8	4	4	295f	1	0
96	2016	240	17	20	40	0	0	352.07	3.11	0	3	f8	f0	8	4	4	2960	1	0
96	2016	240	17	20	41	0	0	352.07	3.05	0	3	f8	f0	8	4	4	2960	1	0
96	2016	240	17	20	42	0	0	352.04	2.99	0	3	f8	f0	8	4	4	2960	1	0
96	2016	240	17	20	43	0	0	352.04	2.93	0	3	f8	f0	8	4	4	2960	1	0
96	2016	240	17	20	44	0	0	352.03	2.85	0	3	f8	f0	8	4	4	2960	1	0
96	2016	240	17	20	45	0	0	352.02	2.79	0	3	f8	f0	8	4	4	2960	1	0
96	2016	240	17	20	46	0	0	352	2.72	0	3	f8	f0	8	4	4	2960	1	0
96	2016	240	17	20	47	0	0	351.99	2.66	0	3	f8	f0	8	4	4	2960	1	0
96	2016	240	17	20	48	0	0	351.99	2.6	0	3	f8	f0	8	4	4	2960	1	0
96	2016	240	17	20	49	0	0	351.98	2.53	0	3	f8	f0	8	4	4	2960	1	0
97	2016	240	17	20	50	0	0	351.97	2.46	0	3	f8	f0	8	4	4	2961	1	0
97	2016	240	17	20	51	0	0	351.96	2.39	0	3	f8	f0	8	4	4	2961	1	0
97	2016	240	17	20	52	0	0	351.95	2.32	0	3	f8	f0	8	4	4	2961	1	0
97	2016	240	17	20	53	0	0	351.94	2.25	0	3	f8	f0	8	4	4	2961	1	0
97	2016	240	17	20	54	0	0	351.93	2.19	0	3	f8	f0	8	4	4	2961	1	0
97	2016	240	17	20	55	0	0	351.93	2.13	0	3	f8	f0	8	4	4	2961	1	0
97	2016	240	17	20	56	0	0	351.93	2.07	0	3	f8	f0	8	4	4	2961	1	0
97	2016	240	17	20	57	0	0	351.91	2.01	0	3	f8	f0	8	4	4	2961	1	0
97	2016	240	17	20	58	0	0	351.89	1.94	0	3	f8	f0	8	4	4	2961	1	0
97	2016	240	17	20	59	0	0	351.88	1.87	0	3	f8	f0	8	4	4	2961	1	0
98	2016	240	17	21	0	0	0	351.88	1.81	0	3	f8	f0	8	4	4	2962	1	0
98	2016	240	17	21	1	0	0	351.85	1.78	0	3	f8	f0	8	4	4	2962	1	0
98	2016	240	17	21	2	0	0	351.84	1.76	0	3	f8	f0	8	4	4	2962	1	0
98	2016	240	17	21	3	0	0	351.84	1.74	0	3	f8	f0	8	4	4	2962	1	0
98	2016	240	17	21	4	0	0	351.84	1.7	0	3	f8	f0	8	4	4	2962	1	0
98	2016	240	17	21	5	0	0	351.83	1.68	0	3	f8	f0	8	4	4	2962	1	0
98	2016	240	17	21	6	0	0	351.81	1.66	0	3	f8	f0	8	4	4	2962	1	0
98	2016	240	17	21	7	0	0	351.81	1.62	0	3	f8	f0	8	4	4	2962	1	0
98	2016	240	17	21	8	0	0	351.8	1.61	0	3	f8	f0	8	4	4	2962	1	0
98	2016	240	17	21	9	0	0	351.78	1.57	0	3	f8	f0	8	4	4	2962	1	0
99	2016	240	17	21	10	0	0	351.77	1.55	0	3	f8	f0	8	4	4	2963	1	0
99	2016	240	17	21	11	0	0	351.77	1.55	0	3	f8	f0	8	4	4	2963	1	0
99	2016	240	17	21	12	0	0	351.76	1.55	0	3	f8	f0	8	4	4	2963	1	0
99	2016	240	17	21	13	0	0	351.75	1.55	0	3	f8	f0	8	4	4	2963	1	0
99	2016	240	17	21	14	0	0	351.75	1.55	0	3	f8	f0	8	4	4	2963	1	0
99	2016	240	17	21	15	0	0	351.74	1.55	0	3	f8	f0	8	4	4	2963	1	0
99	2016	240	17	21	16	0	0	351.74	1.55	0	3	f8	f0	8	4	4	2963	1	0
99	2016	240	17	21	17	0	0	351.71	1.55	0	3	f8	f0	8	4	4	2963	1	0
99	2016	240	17	21	18	0	0	351.7	1.55	0	3	f8	f0	8	4	4	2963	1	0
99	2016	240	17	21	19	0	0	351.7	1.55	0	3	f8	f0	8	4	4	2963	1	0
100	2016	240	17	21	20	0	0	351.69	1.55	0	3	f8	f0	8	4	4	2964	1	0
100	2016	240	17	21	21	0	0	351.68	1.55	0	5	f8	f0	8	4	4	2964	1	0
100	2016	240	17	21	22	0	0	351.68	1.55	0	5	f8	f0	8	4	4	2964	1	0
100	2016	240	17	21	23	0	0	351.68	1.55	0	5	f8	f0	8	4	4	2964	1	0
100	2016	240	17	21	24	0	0	351.68	1.55	0	5	f8	f0	8	4	4	2964	1	0
100	2016	240	17	21	25	0	0	351.68	1.55	0	5	f8	f0	8	4	4	2964	1	0
100	2016	240	17	21	26	0	0	351.68	1.55	0	5	f8	f0	8	4	4	2964	1	0
100	2016	240	17	21	27	0	0	351.68	1.55	0	5	f8	f0	8	4	4	2964	1	0
100	2016	240	17	21	28	0	0	351.68	1.55	0	5	f8	f0	8	4	4	2964	1	0
100	2016	240	17	21	29	0	0	351.68	1.55	0	5	f8	f0	8	4	4	2964	1	0
101	2016	240	17	21	30	0	0	351.68	1.55	0	5	f8	f0	8	4	4	2965	1	0
101	2016	240	17	21	31	0	0	351.68	1.55	0	5	f8	f0	8	4	4	2965	1	0
101	2016	240	17	21	32	0	0	351.68	1.55	0	5	f8	f0	8	4	4	2965	1	0
101	2016	240	17	21	33	0	0	351.68	1.55	0	5	f8	f0	8	4	4	2965	1	0
101	2016	240	17	21	34	0	0	351.68	1.55	0	5	f8	f0	8	4	4	2965	1	0
101	2016	240	17	21	35	0	0	351.68	1.55	0	5	f8	f0	8	4	4	2965	1	0
101	2016	240	17	21	36	0	0	351.68	1.55	0	5	f8	f0	8	4	4	2965	1	0
101	2016	240	17	21	37	0	0	351.68	1.55	0	5	f8	f0	8	4	4	2965	1	0
101	2016	240	17	21	38	0	0	351.68	1.55	0	5	f8	f0	8	4	4	2965	1	0
101	2016	240	17	21	39	0	0	351.69	1.55	0	5	f8	f0	8	4	4	2965	1	0
102	2016	240	17	21	40	0	0	351.69	1.55	0	5	f8	f0	8	4	4	2966	1	0
102	2016	240	17	21	41	0	0	351.69	1.55	0	5	f8	f0	8	4	4	2966	1	0
102	2016	240	17	21	42	0	0	351.69	1.55	0	5	f8	f0	8	4	4	2966	1	0
102	2016	240	17	21	43	0	0	351.69	1.55	0	5	f8	f0	8	4	4	2966	1	0
102	2016	240	17	21	44	0	0	351.69	1.55	0	5	f8	f0	8	4	4	2966	1	0
102	2016	240	17	21	45	0	0	351.69	1.55	0	5	f8	f0	8	4	4	2966	1	0
102	2016	240	17	21	46	0	0	351.69	1.55	0	5	f8	f0	8	4	4	2966	1	0
102	2016	240	17	21	47	0	0	351.69	1.55	0	5	f8	f0	8	4	4	2966	1	0
102	2016	240	17	21	48	0	0	351.69	1.56	0	5	f8	f0	8	4	4	2966	1	0
102	2016	240	17	21	49	0	0	351.69	1.56	0	5	f8	f0	8	4	4	2966	1	0
103	2016	240	17	21	50	0	0	351.69	1.56	0	5	f8	f0	8	4	4	2967	1	0
103	2016	240	17	21	51	0	0	351.69	1.56	0	5	f8	f0	8	4	4	2967	1	0
103	2016	240	17	21	52	0	0	351.69	1.56	0	5	f8	f0	8	4	4	2967	1	0
103	2016	240	17	21	53	0	0	351.69	1.56	0	5	f8	f0	8	4	4	2967	1	0
103	2016	240	17	21	54	0	0	351.69	1.56	0	5	f8	f0	8	4	4	2967	1	0
103	2016	240	17	21	55	0	0	351.69	1.56	0	5	f8	f0	8	4	4	2967	1	0
103	2016	240	17	21	56	0	0	351.69	1.56	0	5	f8	f0	8	4	4	2967	1	0
103	2016	240	17	21	57	0	0	351.69	1.57	0	5	f8	f0	8	4	4	2967	1	0
103	2016	240	17	21	58	0	0	351.69	1.57	0	5	f8	f0	8	4	4	2967	1	0
103	2016	240	17	21	59	0	0	351.69	1.57	0	5	f8	f0	8	4	4	2967	1	0
104	2016	240	17	22	0	0	0	351.69	1.57	0	5	f8	f0	8	4	4	2968	1	0
104	2016	240	17	22	1	0	0	351.69	1.57	0	5	f8	f0	8	4	4	2968	1	0
104	2016	240	17	22	2	0	0	351.69	1.57	0	5	f8	f0	8	4	4	2968	1	0
104	2016	240	17	22	3	0	0	351.69	1.57	0	5	f8	f0	8	4	4	2968	1	0
104	2016	240	17	22	4	0	0	351.69	1.57	0	5	f8	f0	8	4	4	2968	1	0
104	2016	240	17	22	5	0	0	351.69	1.57	0	5	f8	f0	8	4	4	2968	1	0
104	2016	240	17	22	6	0	0	351.69	1.57	0	5	f8	f0	8	4	4	2968	1	0
104	2016	240	17	22	7	0	0	351.69	1.57	0	5	f8	f0	8	4	4	2968	1	0
104	2016	240	17	22	8	0	0	351.69	1.57	0	5	f8	f0	8	4	4	2968	1	0
104	2016	240	17	22	9	0	0	351.69	1.57	0	5	f8	f0	8	4	4	2968	1	0
105	2016	240	17	22	10	0	0	351.69	1.57	0	5	f8	f0	8	4	4	2969	1	0
105	2016	240	17	22	11	0	0	351.69	1.57	0	5	f8	f0	8	4	4	2969	1	0
105	2016	240	17	22	12	0	0	351.69	1.57	0	5	f8	f0	8	4	4	2969	1	0
105	2016	240	17	22	13	0	0	351.69	1.57	0	5	f8	f0	8	4	4	2969	1	0
105	2016	240	17	22	14	0	0	351.69	1.57	0	5	f8	f0	8	4	4	2969	1	0
105	2016	240	17	22	15	0	0	351.69	1.57	0	5	f8	f0	8	4	4	2969	1	0
105	2016	240	17	22	16	0	0	351.69	1.57	0	5	f8	f0	8	4	4	2969	1	0
105	2016	240	17	22	17	0	0	351.69	1.57	0	5	f8	f0	8	4	4	2969	1	0
105	2016	240	17	22	18	0	0	351.69	1.57	0	5	f8	f0	8	4	4	2969	1	0
105	2016	240	17	22	19	0	0	351.69	1.57	0	5	f8	f0	8	4	4	2969	1	0
106	2016	240	17	22	20	0	0	351.69	1.57	0	5	f8	f0	8	4	4	296a	1	0
106	2016	240	17	22	21	0	0	351.69	1.57	0	5	f8	f0	8	4	4	296a	1	0
106	2016	240	17	22	22	0	0	351.69	1.57	0	5	f8	f0	8	4	4	296a	1	0
106	2016	240	17	22	23	0	0	351.69	1.57	0	5	f8	f0	8	4	4	296a	1	0
106	2016	240	17	22	24	0	0	351.69	1.57	0	5	f8	f0	8	4	4	296a	1	0
106	2016	240	17	22	25	0	0	351.69	1.57	0	5	f8	f0	8	4	4	296a	1	0
106	2016	240	17	22	26	0	0	351.69	1.57	0	5	f8	f0	8	4	4	296a	1	0
106	2016	240	17	22	27	0	0	351.69	1.57	0	5	f8	f0	8	4	4	296a	1	0
106	2016	240	17	22	28	0	0	351.69	1.57	0	5	f8	f0	8	4	4	296a	1	0
106	2016	240	17	22	29	0	0	351.69	1.57	0	5	f8	f0	8	4	4	296a	1	0
107	2016	240	17	22	30	0	0	351.69	1.57	0	5	f8	f0	8	4	4	296b	1	0
107	2016	240	17	22	31	0	0	351.69	1.57	0	5	f8	f0	8	4	4	296b	1	0
107	2016	240	17	22	32	0	0	351.69	1.57	0	5	f8	f0	8	4	4	296b	1	0
107	2016	240	17	22	33	0	0	351.69	1.57	0	5	f8	f0	8	4	4	296b	1	0
107	2016	240	17	22	34	0	0	351.69	1.57	0	5	f8	f0	8	4	4	296b	1	0
107	2016	240	17	22	35	0	0	351.69	1.57	0	5	f8	f0	8	4	4	296b	1	0
107	2016	240	17	22	36	0	0	351.69	1.57	0	5	f8	f0	8	4	4	296b	1	0
107	2016	240	17	22	37	0	0	351.69	1.57	0	5	f8	f0	8	4	4	296b	1	0
107	2016	240	17	22	38	0	0	351.69	1.57	0	5	f8	f0	8	4	4	296b	1	0
107	2016	240	17	22	39	0	0	351.69	1.57	0	5	f8	f0	8	4	4	296b	1	0
108	2016	240	17	22	40	0	0	351.69	1.57	0	5	f8	f0	8	4	4	296c	1	0
108	2016	240	17	22	41	0	0	351.69	1.57	0	5	f8	f0	8	4	4	296c	1	0
108	2016	240	17	22	42	0	0	351.69	1.57	0	5	f8	f0	8	4	4	296c	1	0
108	2016	240	17	22	43	0	0	351.69	1.57	0	5	f8	f0	8	4	4	296c	1	0
108	2016	240	17	22	44	0	0	351.69	1.57	0	5	f8	f0	8	4	4	296c	1	0
108	2016	240	17	22	45	0	0	351.69	1.57	0	5	f8	f0	8	4	4	296c	1	0
108	2016	240	17	22	46	0	0	351.69	1.57	0	5	f8	f0	8	4	4	296c	1	0
108	2016	240	17	22	47	0	0	351.69	1.57	0	5	f8	f0	8	4	4	296c	1	0
108	2016	240	17	22	48	0	0	351.69	1.57	0	5	f8	f0	8	4	4	296c	1	0
108	2016	240	17	22	49	0	0	351.69	1.57	0	5	f8	f0	8	4	4	296c	1	0
109	2016	240	17	22	50	0	0	351.69	1.57	0	5	f8	f0	8	4	4	296d	1	0
109	2016	240	17	22	51	0	0	351.69	1.57	0	5	f8	f0	8	4	4	296d	1	0
109	2016	240	17	22	52	0	0	351.69	1.57	0	5	f8	f0	8	4	4	296d	1	0
109	2016	240	17	22	53	0	0	351.69	1.57	0	5	f8	f0	8	4	4	296d	1	0
109	2016	240	17	22	54	0	0	351.69	1.57	0	5	f8	f0	8	4	4	296d	1	0
109	2016	240	17	22	55	0	0	351.69	1.57	0	5	f8	f0	8	4	4	296d	1	0
109	2016	240	17	22	56	0	0	351.69	1.57	0	5	f8	f0	8	4	4	296d	1	0
109	2016	240	17	22	57	0	0	351.69	1.57	0	5	f8	f0	8	4	4	296d	1	0
109	2016	240	17	22	58	0	0	351.69	1.57	0	5	f8	f0	8	4	4	296d	1	0
109	2016	240	17	22	59	0	0	351.69	1.57	0	5	f8	f0	8	4	4	296d	1	0
110	2016	240	17	23	0	0	0	351.69	1.57	0	5	f8	f0	8	4	4	296e	1	0
110	2016	240	17	23	1	0	0	351.69	1.57	0	5	f8	f0	8	4	4	296e	1	0
110	2016	240	17	23	2	0	0	351.69	1.57	0	5	f8	f0	8	4	4	296e	1	0
110	2016	240	17	23	3	0	0	351.69	1.57	0	5	f8	f0	8	4	4	296e	1	0
110	2016	240	17	23	4	0	0	351.69	1.57	0	5	f8	f0	8	4	4	296e	1	0
110	2016	240	17	23	5	0	0	351.69	1.57	0	5	f8	f0	8	4	4	296e	1	0
110	2016	240	17	23	6	0	0	351.69	1.57	0	5	f8	f0	8	4	4	296e	1	0
110	2016	240	17	23	7	0	0	351.69	1.57	0	5	f8	f0	8	4	4	296e	1	0
110	2016	240	17	23	8	0	0	351.69	1.57	0	5	f8	f0	8	4	4	296e	1	0
110	2016	240	17	23	9	0	0	351.69	1.57	0	5	f8	f0	8	4	4	296e	1	0
111	2016	240	17	23	10	0	0	351.69	1.57	0	5	f8	f0	8	4	4	296f	1	0
111	2016	240	17	23	11	0	0	351.69	1.57	0	5	f8	f0	8	4	4	296f	1	0
111	2016	240	17	23	12	0	0	351.69	1.57	0	5	f8	f0	8	4	4	296f	1	0
111	2016	240	17	23	13	0	0	351.69	1.57	0	5	f8	f0	8	4	4	296f	1	0
111	2016	240	17	23	14	0	0	351.69	1.57	0	5	f8	f0	8	4	4	296f	1	0
111	2016	240	17	23	15	0	0	351.69	1.57	0	5	f8	f0	8	4	4	296f	1	0
111	2016	240	17	23	16	0	0	351.69	1.57	0	5	f8	f0	8	4	4	296f	1	0
111	2016	240	17	23	17	0	0	351.69	1.57	0	5	f8	f0	8	4	4	296f	1	0
111	2016	240	17	23	18	0	0	351.69	1.57	0	5	f8	f0	8	4	4	296f	1	0
111	2016	240	17	23	19	0	0	351.69	1.57	0	5	f8	f0	8	4	4	296f	1	0
112	2016	240	17	23	20	0	0	351.69	1.57	0	5	f8	f0	8	4	4	2970	1	0
112	2016	240	17	23	21	0	0	351.69	1.57	0	5	f8	f0	8	4	4	2970	1	0
112	2016	240	17	23	22	0	0	351.69	1.57	0	5	f8	f0	8	4	4	2970	1	0
112	2016	240	17	23	23	0	0	351.69	1.57	0	5	f8	f0	8	4	4	2970	1	0
112	2016	240	17	23	24	0	0	351.69	1.57	0	5	f8	f0	8	4	4	2970	1	0
112	2016	240	17	23	25	0	0	351.69	1.57	0	5	f8	f0	8	4	4	2970	1	0
112	2016	240	17	23	26	0	0	351.69	1.57	0	5	f8	f0	8	4	4	2970	1	0
112	2016	240	17	23	27	0	0	351.69	1.57	0	5	f8	f0	8	4	4	2970	1	0
112	2016	240	17	23	28	0	0	351.69	1.57	0	5	f8	f0	8	4	4	2970	1	0
112	2016	240	17	23	29	0	0	351.69	1.57	0	5	f8	f0	8	4	4	2970	1	0
113	2016	240	17	23	30	0	0	351.69	1.57	0	5	f8	f0	8	4	4	2971	1	0
113	2016	240	17	23	31	0	0	351.69	1.57	0	5	f8	f0	8	4	4	2971	1	0
113	2016	240	17	23	32	0	0	351.69	1.57	0	5	f8	f0	8	4	4	2971	1	0
113	2016	240	17	23	33	0	0	351.69	1.57	0	5	f8	f0	8	4	4	2971	1	0
113	2016	240	17	23	34	0	0	351.69	1.57	0	5	f8	f0	8	4	4	2971	1	0
113	2016	240	17	23	35	0	0	351.69	1.57	0	5	f8	f0	8	4	4	2971	1	0
113	2016	240	17	23	36	0	0	351.69	1.57	0	5	f8	f0	8	4	4	2971	1	0
113	2016	240	17	23	37	0	0	351.69	1.57	0	5	f8	f0	8	4	4	2971	1	0
113	2016	240	17	23	38	0	0	351.69	1.57	0	5	f8	f0	8	4	4	2971	1	0
113	2016	240	17	23	39	0	0	351.69	1.57	0	5	f8	f0	8	4	4	2971	1	0
114	2016	240	17	23	40	0	0	351.69	1.57	0	5	f8	f0	8	4	4	2972	1	0
114	2016	240	17	23	41	0	0	351.69	1.57	0	5	f8	f0	8	4	4	2972	1	0
114	2016	240	17	23	42	0	0	351.69	1.57	0	5	f8	f0	8	4	4	2972	1	0
114	2016	240	17	23	43	0	0	351.69	1.57	0	5	f8	f0	8	4	4	2972	1	0
114	2016	240	17	23	44	0	0	351.69	1.57	0	5	f8	f0	8	4	4	2972	1	0
114	2016	240	17	23	45	0	0	351.69	1.57	0	5	f8	f0	8	4	4	2972	1	0
114	2016	240	17	23	46	0	0	351.69	1.57	0	5	f8	f0	8	4	4	2972	1	0
114	2016	240	17	23	47	0	0	351.69	1.57	0	5	f8	f0	8	4	4	2972	1	0
114	2016	240	17	23	48	0	0	351.69	1.57	0	5	f8	f0	8	4	4	2972	1	0
114	2016	240	17	23	49	0	0	351.69	1.57	0	5	f8	f0	8	4	4	2972	1	0
115	2016	240	17	23	50	0	0	351.69	1.57	0	5	f8	f0	8	4	4	2973	1	0
115	2016	240	17	23	51	0	0	351.69	1.57	0	5	f8	f0	8	4	4	2973	1	0
115	2016	240	17	23	52	0	0	351.69	1.57	0	5	f8	f0	8	4	4	2973	1	0
115	2016	240	17	23	53	0	0	351.69	1.57	0	5	f8	f0	8	4	4	2973	1	0
115	2016	240	17	23	54	0	0	351.69	1.57	0	5	f8	f0	8	4	4	2973	1	0
115	2016	240	17	23	55	0	0	351.69	1.57	0	5	f8	f0	8	4	4	2973	1	0
115	2016	240	17	23	56	0	0	351.69	1.57	0	5	f8	f0	8	4	4	2973	1	0
115	2016	240	17	23	57	0	0	351.69	1.57	0	5	f8	f0	8	4	4	2973	1	0
115	2016	240	17	23	58	0	0	351.69	1.57	0	5	f8	f0	8	4	4	2973	1	0
115	2016	240	17	23	59	0	0	351.69	1.57	0	5	f8	f0	8	4	4	2973	1	0
116	2016	240	17	24	0	0	0	351.69	1.57	0	5	f8	f0	8	4	4	2974	1	0
116	2016	240	17	24	1	0	0	351.69	1.57	0	5	f8	f0	8	4	4	2974	1	0
116	2016	240	17	24	2	0	0	351.69	1.57	0	5	f8	f0	8	4	4	2974	1	0
116	2016	240	17	24	3	0	0	351.69	1.57	0	5	f8	f0	8	4	4	2974	1	0
116	2016	240	17	24	4	0	0	351.69	1.57	0	5	f8	f0	8	4	4	2974	1	0
116	2016	240	17	24	5	0	0	351.69	1.57	0	5	f8	f0	8	4	4	2974	1	0
116	2016	240	17	24	6	0	0	351.69	1.57	0	5	f8	f0	8	4	4	2974	1	0
116	2016	240	17	24	7	0	0	351.69	1.57	0	5	f8	f0	8	4	4	2974	1	0
116	2016	240	17	24	8	0	0	351.69	1.57	0	5	f8	f0	8	4	4	2974	1	0
116	2016	240	17	24	9	0	0	351.69	1.57	0	5	f8	f0	8	4	4	2974	1	0
117	2016	240	17	24	10	0	0	351.69	1.57	0	5	f8	f0	8	4	4	2975	1	0
117	2016	240	17	24	11	0	0	351.69	1.57	0	5	f8	f0	8	4	4	2975	1	0
117	2016	240	17	24	12	0	0	351.69	1.57	0	5	f8	f0	8	4	4	2975	1	0
117	2016	240	17	24	13	0	0	351.69	1.57	0	5	f8	f0	8	4	4	2975	1	0
117	2016	240	17	24	14	0	0	351.69	1.57	0	5	f8	f0	8	4	4	2975	1	0
117	2016	240	17	24	15	0	0	351.69	1.57	0	5	f8	f0	8	4	4	2975	1	0
117	2016	240	17	24	16	0	0	351.69	1.57	0	5	f8	f0	8	4	4	2975	1	0
117	2016	240	17	24	17	0	0	351.69	1.57	0	5	f8	f0	8	4	4	2975	1	0
117	2016	240	17	24	18	0	0	351.69	1.57	0	5	f8	f0	8	4	4	2975	1	0
117	2016	240	17	24	19	0	0	351.69	1.57	0	5	f8	f0	8	4	4	2975	1	0
