BkNo	Year	Day	hh	mm	ss	mss	ns	RangeRate(km/s)		Tv	Dv	TSn	RSn	DTp	STp	SId	BkCt	SRt	InTim
1	2016	240	17	4	50	800	0	-2.71531208	0	0	0	f8	f0	8	4	3	1	1	1
2	2016	240	17	4	53	100	0	-2.71543593	0	0	0	f8	f0	8	4	3	2	1	1
2	2016	240	17	4	54	100	0	-2.71575497	0	0	0	f8	f0	8	4	3	2	1	1
2	2016	240	17	4	55	100	0	-2.71558063	0	0	0	f8	f0	8	4	3	2	1	1
2	2016	240	17	4	56	100	0	-2.71586116	0	0	0	f8	f0	8	4	3	2	1	1
2	2016	240	17	4	57	100	0	-2.71569615	0	0	0	f8	f0	8	4	3	2	1	1
2	2016	240	17	4	58	100	0	-2.71574897	0	0	0	f8	f0	8	4	3	2	1	1
2	2016	240	17	4	59	100	0	-2.71573465	0	0	0	f8	f0	8	4	3	2	1	1
2	2016	240	17	5	0	100	0	-2.71596056	0	0	0	f8	f0	8	4	3	2	1	1
2	2016	240	17	5	1	100	0	-2.71527924	0	0	0	f8	f0	8	4	3	2	1	1
2	2016	240	17	5	2	100	0	-2.7155663	0	0	0	f8	f0	8	4	3	2	1	1
3	2016	240	17	5	3	100	0	-2.71597228	0	0	0	f8	f0	8	4	3	3	1	1
3	2016	240	17	5	4	100	0	-2.7153875	0	0	0	f8	f0	8	4	3	3	1	1
3	2016	240	17	5	5	100	0	-2.71578855	0	0	0	f8	f0	8	4	3	3	1	1
3	2016	240	17	5	6	100	0	-2.71576849	0	0	0	f8	f0	8	4	3	3	1	1
3	2016	240	17	5	7	100	0	-2.71584864	0	0	0	f8	f0	8	4	3	3	1	1
3	2016	240	17	5	8	100	0	-2.71581666	0	0	0	f8	f0	8	4	3	3	1	1
3	2016	240	17	5	9	100	0	-2.71565531	0	0	0	f8	f0	8	4	3	3	1	1
3	2016	240	17	5	10	100	0	-2.71562146	0	0	0	f8	f0	8	4	3	3	1	1
3	2016	240	17	5	11	100	0	-2.7155286	0	0	0	f8	f0	8	4	3	3	1	1
3	2016	240	17	5	12	100	0	-2.71563605	0	0	0	f8	f0	8	4	3	3	1	1
4	2016	240	17	5	13	100	0	-2.71600086	0	0	0	f8	f0	8	4	3	4	1	1
4	2016	240	17	5	14	100	0	-2.71580414	0	0	0	f8	f0	8	4	3	4	1	1
5	2016	240	17	5	18	300	0	-2.71581952	0	0	0	f8	f0	8	4	3	5	1	1
5	2016	240	17	5	19	300	0	-2.71596262	0	0	0	f8	f0	8	4	3	5	1	1
5	2016	240	17	5	20	300	0	-2.71613697	0	0	0	f8	f0	8	4	3	5	1	1
5	2016	240	17	5	21	300	0	-2.71569515	0	0	0	f8	f0	8	4	3	5	1	1
5	2016	240	17	5	22	300	0	-2.715997	0	0	0	f8	f0	8	4	3	5	1	1
5	2016	240	17	5	23	300	0	-2.71587002	0	0	0	f8	f0	8	4	3	5	1	1
5	2016	240	17	5	24	300	0	-2.71601832	0	0	0	f8	f0	8	4	3	5	1	1
5	2016	240	17	5	25	300	0	-2.71582625	0	0	0	f8	f0	8	4	3	5	1	1
5	2016	240	17	5	26	300	0	-2.71586269	0	0	0	f8	f0	8	4	3	5	1	1
5	2016	240	17	5	27	300	0	-2.71568862	0	0	0	f8	f0	8	4	3	5	1	1
6	2016	240	17	5	28	300	0	-2.71527538	0	0	0	f8	f0	8	4	3	6	1	1
6	2016	240	17	5	29	300	0	-2.71606881	0	0	0	f8	f0	8	4	3	6	1	1
6	2016	240	17	5	30	300	0	-2.7157144	0	0	0	f8	f0	8	4	3	6	1	1
6	2016	240	17	5	31	300	0	-2.71535732	0	0	0	f8	f0	8	4	3	6	1	1
6	2016	240	17	5	32	300	0	-2.71507032	0	0	0	f8	f0	8	4	3	6	1	1
6	2016	240	17	5	33	300	0	-2.71566363	0	0	0	f8	f0	8	4	3	6	1	1
6	2016	240	17	5	34	300	0	-2.71567716	0	0	0	f8	f0	8	4	3	6	1	1
6	2016	240	17	5	35	300	0	-2.71563605	0	0	0	f8	f0	8	4	3	6	1	1
6	2016	240	17	5	36	300	0	-2.7160381	0	0	0	f8	f0	8	4	3	6	1	1
6	2016	240	17	5	37	300	0	-2.71551168	0	0	0	f8	f0	8	4	3	6	1	1
7	2016	240	17	5	38	300	0	-2.71609666	0	0	0	f8	f0	8	4	3	7	1	1
7	2016	240	17	5	39	300	0	-2.71586376	0	0	0	f8	f0	8	4	3	7	1	1
7	2016	240	17	5	40	300	0	-2.71596209	0	0	0	f8	f0	8	4	3	7	1	1
7	2016	240	17	5	41	300	0	-2.71577915	0	0	0	f8	f0	8	4	3	7	1	1
7	2016	240	17	5	42	300	0	-2.71567716	0	0	0	f8	f0	8	4	3	7	1	1
7	2016	240	17	5	43	300	0	-2.71594364	0	0	0	f8	f0	8	4	3	7	1	1
7	2016	240	17	5	44	300	0	-2.71566936	0	0	0	f8	f0	8	4	3	7	1	1
7	2016	240	17	5	45	300	0	-2.71565191	0	0	0	f8	f0	8	4	3	7	1	1
7	2016	240	17	5	46	300	0	-2.71552573	0	0	0	f8	f0	8	4	3	7	1	1
7	2016	240	17	5	47	300	0	-2.71561887	0	0	0	f8	f0	8	4	3	7	1	1
8	2016	240	17	5	48	300	0	-2.71586036	0	0	0	f8	f0	8	4	3	8	1	1
8	2016	240	17	5	49	300	0	-2.71551661	0	0	0	f8	f0	8	4	3	8	1	1
8	2016	240	17	5	50	300	0	-2.7159447	0	0	0	f8	f0	8	4	3	8	1	1
8	2016	240	17	5	51	300	0	-2.71536205	0	0	0	f8	f0	8	4	3	8	1	1
8	2016	240	17	5	52	300	0	-2.71529303	0	0	0	f8	f0	8	4	3	8	1	1
8	2016	240	17	5	53	300	0	-2.71564491	0	0	0	f8	f0	8	4	3	8	1	1
8	2016	240	17	5	54	300	0	-2.71578775	0	0	0	f8	f0	8	4	3	8	1	1
8	2016	240	17	5	55	300	0	-2.71603057	0	0	0	f8	f0	8	4	3	8	1	1
8	2016	240	17	5	56	300	0	-2.71563446	0	0	0	f8	f0	8	4	3	8	1	1
8	2016	240	17	5	57	300	0	-2.71624342	0	0	0	f8	f0	8	4	3	8	1	1
9	2016	240	17	5	58	300	0	-2.71577476	0	0	0	f8	f0	8	4	3	9	1	1
9	2016	240	17	5	59	300	0	-2.71586376	0	0	0	f8	f0	8	4	3	9	1	1
9	2016	240	17	6	0	300	0	-2.71564358	0	0	0	f8	f0	8	4	3	9	1	1
9	2016	240	17	6	1	300	0	-2.71534353	0	0	0	f8	f0	8	4	3	9	1	1
9	2016	240	17	6	2	300	0	-2.7157102	0	0	0	f8	f0	8	4	3	9	1	1
9	2016	240	17	6	3	300	0	-2.7158479	0	0	0	f8	f0	8	4	3	9	1	1
9	2016	240	17	6	4	300	0	-2.71591785	0	0	0	f8	f0	8	4	3	9	1	1
9	2016	240	17	6	5	300	0	-2.71549396	0	0	0	f8	f0	8	4	3	9	1	1
9	2016	240	17	6	6	300	0	-2.71564905	0	0	0	f8	f0	8	4	3	9	1	1
9	2016	240	17	6	7	300	0	-2.7156202	0	0	0	f8	f0	8	4	3	9	1	1
10	2016	240	17	6	8	300	0	-2.71563139	0	0	0	f8	f0	8	4	3	000a	1	1
10	2016	240	17	6	9	300	0	-2.71531495	0	0	0	f8	f0	8	4	3	000a	1	1
10	2016	240	17	6	10	300	0	-2.71535186	0	0	0	f8	f0	8	4	3	000a	1	1
10	2016	240	17	6	11	300	0	-2.71519337	0	0	0	f8	f0	8	4	3	000a	1	1
10	2016	240	17	6	12	300	0	-2.71608207	0	0	0	f8	f0	8	4	3	000a	1	1
10	2016	240	17	6	13	300	0	-2.71578748	0	0	0	f8	f0	8	4	3	000a	1	1
10	2016	240	17	6	14	300	0	-2.7154276	0	0	0	f8	f0	8	4	3	000a	1	1
10	2016	240	17	6	15	300	0	-2.71530476	0	0	0	f8	f0	8	4	3	000a	1	1
10	2016	240	17	6	16	300	0	-2.71565164	0	0	0	f8	f0	8	4	3	000a	1	1
10	2016	240	17	6	17	300	0	-2.71569515	0	0	0	f8	f0	8	4	3	000a	1	1
11	2016	240	17	6	18	300	0	-2.71516812	0	0	0	f8	f0	8	4	3	000b	1	1
11	2016	240	17	6	19	300	0	-2.7151965	0	0	0	f8	f0	8	4	3	000b	1	1
11	2016	240	17	6	20	300	0	-2.71510103	0	0	0	f8	f0	8	4	3	000b	1	1
11	2016	240	17	6	21	300	0	-2.71530089	0	0	0	f8	f0	8	4	3	000b	1	1
11	2016	240	17	6	22	300	0	-2.7153873	0	0	0	f8	f0	8	4	3	000b	1	1
11	2016	240	17	6	23	300	0	-2.71562666	0	0	0	f8	f0	8	4	3	000b	1	1
11	2016	240	17	6	24	300	0	-2.71555771	0	0	0	f8	f0	8	4	3	000b	1	1
11	2016	240	17	6	25	300	0	-2.71525166	0	0	0	f8	f0	8	4	3	000b	1	1
11	2016	240	17	6	26	300	0	-2.71516999	0	0	0	f8	f0	8	4	3	000b	1	1
11	2016	240	17	6	27	300	0	-2.71528737	0	0	0	f8	f0	8	4	3	000b	1	1
12	2016	240	17	6	28	300	0	-2.71544919	0	0	0	f8	f0	8	4	3	000c	1	1
12	2016	240	17	6	29	300	0	-2.7154346	0	0	0	f8	f0	8	4	3	000c	1	1
12	2016	240	17	6	30	300	0	-2.71557177	0	0	0	f8	f0	8	4	3	000c	1	1
12	2016	240	17	6	31	300	0	-2.71556111	0	0	0	f8	f0	8	4	3	000c	1	1
12	2016	240	17	6	32	300	0	-2.71570008	0	0	0	f8	f0	8	4	3	000c	1	1
12	2016	240	17	6	33	300	0	-2.71514081	0	0	0	f8	f0	8	4	3	000c	1	1
12	2016	240	17	6	34	300	0	-2.71501983	0	0	0	f8	f0	8	4	3	000c	1	1
12	2016	240	17	6	35	300	0	-2.71524573	0	0	0	f8	f0	8	4	3	000c	1	1
13	2016	240	17	7	4	200	0	-3.68087402	0	0	0	f8	f0	8	4	3	000d	1	1
13	2016	240	17	7	5	200	0	-3.6805771	0	0	0	f8	f0	8	4	3	000d	1	1
13	2016	240	17	7	6	200	0	-3.68029477	0	0	0	f8	f0	8	4	3	000d	1	1
13	2016	240	17	7	7	200	0	-3.67999079	0	0	0	f8	f0	8	4	3	000d	1	1
13	2016	240	17	7	8	200	0	-3.67972019	0	0	0	f8	f0	8	4	3	000d	1	1
13	2016	240	17	7	9	200	0	-3.67942766	0	0	0	f8	f0	8	4	3	000d	1	1
13	2016	240	17	7	10	200	0	-3.67911335	0	0	0	f8	f0	8	4	3	000d	1	1
13	2016	240	17	7	11	200	0	-3.67879425	0	0	0	f8	f0	8	4	3	000d	1	1
13	2016	240	17	7	12	200	0	-3.67847734	0	0	0	f8	f0	8	4	3	000d	1	1
13	2016	240	17	7	13	200	0	-3.67814891	0	0	0	f8	f0	8	4	3	000d	1	1
14	2016	240	17	7	14	200	0	-3.67783114	0	0	0	f8	f0	8	4	3	000e	1	1
14	2016	240	17	7	15	200	0	-3.67748352	0	0	0	f8	f0	8	4	3	000e	1	1
14	2016	240	17	7	16	200	0	-3.67713637	0	0	0	f8	f0	8	4	3	000e	1	1
14	2016	240	17	7	17	200	0	-3.67680221	0	0	0	f8	f0	8	4	3	000e	1	1
14	2016	240	17	7	18	200	0	-3.67646312	0	0	0	f8	f0	8	4	3	000e	1	1
14	2016	240	17	7	19	200	0	-3.67609931	0	0	0	f8	f0	8	4	3	000e	1	1
14	2016	240	17	7	20	200	0	-3.67572225	0	0	0	f8	f0	8	4	3	000e	1	1
14	2016	240	17	7	21	200	0	-3.67534599	0	0	0	f8	f0	8	4	3	000e	1	1
14	2016	240	17	7	22	200	0	-3.52436634	0	0	0	f8	f0	8	4	3	000e	1	1
14	2016	240	17	7	23	200	0	-3.54529489	0	0	0	f8	f0	8	4	3	000e	1	1
15	2016	240	17	7	30	700	0	-6.61826686	0	0	0	f8	f0	8	4	3	000f	1	1
15	2016	240	17	7	31	700	0	-6.61738891	0	0	0	f8	f0	8	4	3	000f	1	1
15	2016	240	17	7	32	700	0	-6.61647911	0	0	0	f8	f0	8	4	3	000f	1	1
15	2016	240	17	7	33	700	0	-6.6155881	0	0	0	f8	f0	8	4	3	000f	1	1
15	2016	240	17	7	34	700	0	-6.61466278	0	0	0	f8	f0	8	4	3	000f	1	1
15	2016	240	17	7	35	700	0	-6.61373067	0	0	0	f8	f0	8	4	3	000f	1	1
15	2016	240	17	7	36	700	0	-6.61278083	0	0	0	f8	f0	8	4	3	000f	1	1
15	2016	240	17	7	37	700	0	-6.61181901	0	0	0	f8	f0	8	4	3	000f	1	1
15	2016	240	17	7	38	700	0	-6.61084472	0	0	0	f8	f0	8	4	3	000f	1	1
15	2016	240	17	7	39	700	0	-6.60985798	0	0	0	f8	f0	8	4	3	000f	1	1
16	2016	240	17	7	40	700	0	-6.60881762	0	0	0	f8	f0	8	4	3	10	1	1
16	2016	240	17	7	41	700	0	-6.60782355	0	0	0	f8	f0	8	4	3	10	1	1
16	2016	240	17	7	42	700	0	-6.60677432	0	0	0	f8	f0	8	4	3	10	1	1
16	2016	240	17	7	43	700	0	-6.60573442	0	0	0	f8	f0	8	4	3	10	1	1
16	2016	240	17	7	44	700	0	-6.60466388	0	0	0	f8	f0	8	4	3	10	1	1
16	2016	240	17	7	45	700	0	-6.60357928	0	0	0	f8	f0	8	4	3	10	1	1
16	2016	240	17	7	46	700	0	-6.60247849	0	0	0	f8	f0	8	4	3	10	1	1
16	2016	240	17	7	47	700	0	-6.60138816	0	0	0	f8	f0	8	4	3	10	1	1
16	2016	240	17	7	48	700	0	-6.60025932	0	0	0	f8	f0	8	4	3	10	1	1
16	2016	240	17	7	49	700	0	-6.5991091	0	0	0	f8	f0	8	4	3	10	1	1
17	2016	240	17	7	50	700	0	-6.59794016	0	0	0	f8	f0	8	4	3	11	1	1
17	2016	240	17	7	51	700	0	-6.59676656	0	0	0	f8	f0	8	4	3	11	1	1
17	2016	240	17	7	52	700	0	-6.59559349	0	0	0	f8	f0	8	4	3	11	1	1
17	2016	240	17	7	53	700	0	-6.59437565	0	0	0	f8	f0	8	4	3	11	1	1
17	2016	240	17	7	54	700	0	-6.59312964	0	0	0	f8	f0	8	4	3	11	1	1
17	2016	240	17	7	55	700	0	-6.59190454	0	0	0	f8	f0	8	4	3	11	1	1
17	2016	240	17	7	56	700	0	-6.5906466	0	0	0	f8	f0	8	4	3	11	1	1
17	2016	240	17	7	57	700	0	-6.58937513	0	0	0	f8	f0	8	4	3	11	1	1
17	2016	240	17	7	58	700	0	-6.58807609	0	0	0	f8	f0	8	4	3	11	1	1
17	2016	240	17	7	59	700	0	-6.58675366	0	0	0	f8	f0	8	4	3	11	1	1
18	2016	240	17	8	0	700	0	-6.58544103	0	0	0	f8	f0	8	4	3	12	1	1
18	2016	240	17	8	1	700	0	-6.58411701	0	0	0	f8	f0	8	4	3	12	1	1
18	2016	240	17	8	2	700	0	-6.58273835	0	0	0	f8	f0	8	4	3	12	1	1
18	2016	240	17	8	3	700	0	-6.58135551	0	0	0	f8	f0	8	4	3	12	1	1
18	2016	240	17	8	4	700	0	-6.5799576	0	0	0	f8	f0	8	4	3	12	1	1
18	2016	240	17	8	5	700	0	-6.57854251	0	0	0	f8	f0	8	4	3	12	1	1
18	2016	240	17	8	6	700	0	-6.57709198	0	0	0	f8	f0	8	4	3	12	1	1
18	2016	240	17	8	7	700	0	-6.57564724	0	0	0	f8	f0	8	4	3	12	1	1
18	2016	240	17	8	8	700	0	-6.57420557	0	0	0	f8	f0	8	4	3	12	1	1
18	2016	240	17	8	9	700	0	-6.57268742	0	0	0	f8	f0	8	4	3	12	1	1
19	2016	240	17	8	10	700	0	-6.57118539	0	0	0	f8	f0	8	4	3	13	1	1
19	2016	240	17	8	11	700	0	-6.56965632	0	0	0	f8	f0	8	4	3	13	1	1
19	2016	240	17	8	12	700	0	-6.56810906	0	0	0	f8	f0	8	4	3	13	1	1
19	2016	240	17	8	13	700	0	-6.56655707	0	0	0	f8	f0	8	4	3	13	1	1
19	2016	240	17	8	14	700	0	-6.56497849	0	0	0	f8	f0	8	4	3	13	1	1
19	2016	240	17	8	15	700	0	-6.56336775	0	0	0	f8	f0	8	4	3	13	1	1
19	2016	240	17	8	16	700	0	-6.56175747	0	0	0	f8	f0	8	4	3	13	1	1
19	2016	240	17	8	17	700	0	-6.56007897	0	0	0	f8	f0	8	4	3	13	1	1
19	2016	240	17	8	18	700	0	-6.55842552	0	0	0	f8	f0	8	4	3	13	1	1
19	2016	240	17	8	19	700	0	-6.55675382	0	0	0	f8	f0	8	4	3	13	1	1
20	2016	240	17	8	20	700	0	-6.55502908	0	0	0	f8	f0	8	4	3	14	1	1
20	2016	240	17	8	21	700	0	-6.55330635	0	0	0	f8	f0	8	4	3	14	1	1
20	2016	240	17	8	22	700	0	-6.55154831	0	0	0	f8	f0	8	4	3	14	1	1
20	2016	240	17	8	23	700	0	-6.54978348	0	0	0	f8	f0	8	4	3	14	1	1
20	2016	240	17	8	24	700	0	-6.54797748	0	0	0	f8	f0	8	4	3	14	1	1
20	2016	240	17	8	25	700	0	-6.54617827	0	0	0	f8	f0	8	4	3	14	1	1
20	2016	240	17	8	26	700	0	-6.54434994	0	0	0	f8	f0	8	4	3	14	1	1
20	2016	240	17	8	27	700	0	-6.54248205	0	0	0	f8	f0	8	4	3	14	1	1
20	2016	240	17	8	28	700	0	-6.54058765	0	0	0	f8	f0	8	4	3	14	1	1
20	2016	240	17	8	29	700	0	-6.53867805	0	0	0	f8	f0	8	4	3	14	1	1
21	2016	240	17	8	30	700	0	-6.53677166	0	0	0	f8	f0	8	4	3	15	1	1
21	2016	240	17	8	31	700	0	-6.53482469	0	0	0	f8	f0	8	4	3	15	1	1
21	2016	240	17	8	32	700	0	-6.53284594	0	0	0	f8	f0	8	4	3	15	1	1
21	2016	240	17	8	33	700	0	-6.53083802	0	0	0	f8	f0	8	4	3	15	1	1
21	2016	240	17	8	34	700	0	-6.52882437	0	0	0	f8	f0	8	4	3	15	1	1
21	2016	240	17	8	35	700	0	-6.52677694	0	0	0	f8	f0	8	4	3	15	1	1
21	2016	240	17	8	36	700	0	-6.52470194	0	0	0	f8	f0	8	4	3	15	1	1
21	2016	240	17	8	37	700	0	-6.52261021	0	0	0	f8	f0	8	4	3	15	1	1
21	2016	240	17	8	38	700	0	-6.52049976	0	0	0	f8	f0	8	4	3	15	1	1
21	2016	240	17	8	39	700	0	-6.51834095	0	0	0	f8	f0	8	4	3	15	1	1
22	2016	240	17	8	40	700	0	-6.51618474	0	0	0	f8	f0	8	4	3	16	1	1
22	2016	240	17	8	41	700	0	-6.51398742	0	0	0	f8	f0	8	4	3	16	1	1
22	2016	240	17	8	42	700	0	-6.51176039	0	0	0	f8	f0	8	4	3	16	1	1
22	2016	240	17	8	43	700	0	-6.50951411	0	0	0	f8	f0	8	4	3	16	1	1
22	2016	240	17	8	44	700	0	-6.50725118	0	0	0	f8	f0	8	4	3	16	1	1
22	2016	240	17	8	45	700	0	-6.50494767	0	0	0	f8	f0	8	4	3	16	1	1
22	2016	240	17	8	46	700	0	-6.50262392	0	0	0	f8	f0	8	4	3	16	1	1
22	2016	240	17	8	47	700	0	-6.50025846	0	0	0	f8	f0	8	4	3	16	1	1
22	2016	240	17	8	48	700	0	-6.4978878	0	0	0	f8	f0	8	4	3	16	1	1
22	2016	240	17	8	49	700	0	-6.49548277	0	0	0	f8	f0	8	4	3	16	1	1
23	2016	240	17	8	50	700	0	-6.49303617	0	0	0	f8	f0	8	4	3	17	1	1
23	2016	240	17	8	51	700	0	-6.4905869	0	0	0	f8	f0	8	4	3	17	1	1
23	2016	240	17	8	52	700	0	-6.48808561	0	0	0	f8	f0	8	4	3	17	1	1
23	2016	240	17	8	53	700	0	-6.48554528	0	0	0	f8	f0	8	4	3	17	1	1
23	2016	240	17	8	54	700	0	-6.48301854	0	0	0	f8	f0	8	4	3	17	1	1
23	2016	240	17	8	55	700	0	-6.48042358	0	0	0	f8	f0	8	4	3	17	1	1
23	2016	240	17	8	56	700	0	-6.47782389	0	0	0	f8	f0	8	4	3	17	1	1
23	2016	240	17	8	57	700	0	-6.47518363	0	0	0	f8	f0	8	4	3	17	1	1
23	2016	240	17	8	58	700	0	-6.472507	0	0	0	f8	f0	8	4	3	17	1	1
23	2016	240	17	8	59	700	0	-6.4697928	0	0	0	f8	f0	8	4	3	17	1	1
24	2016	240	17	9	0	700	0	-6.46708699	0	0	0	f8	f0	8	4	3	18	1	1
24	2016	240	17	9	1	700	0	-6.46431043	0	0	0	f8	f0	8	4	3	18	1	1
24	2016	240	17	9	2	700	0	-6.46151815	0	0	0	f8	f0	8	4	3	18	1	1
24	2016	240	17	9	3	700	0	-6.4586833	0	0	0	f8	f0	8	4	3	18	1	1
24	2016	240	17	9	4	700	0	-6.4558328	0	0	0	f8	f0	8	4	3	18	1	1
24	2016	240	17	9	5	700	0	-6.45295571	0	0	0	f8	f0	8	4	3	18	1	1
24	2016	240	17	9	6	700	0	-6.45002094	0	0	0	f8	f0	8	4	3	18	1	1
24	2016	240	17	9	7	700	0	-6.44706005	0	0	0	f8	f0	8	4	3	18	1	1
24	2016	240	17	9	8	700	0	-6.4440867	0	0	0	f8	f0	8	4	3	18	1	1
24	2016	240	17	9	9	700	0	-6.4410468	0	0	0	f8	f0	8	4	3	18	1	1
25	2016	240	17	9	10	700	0	-6.43798239	0	0	0	f8	f0	8	4	3	19	1	1
25	2016	240	17	9	11	700	0	-6.43489972	0	0	0	f8	f0	8	4	3	19	1	1
25	2016	240	17	9	12	700	0	-6.43175364	0	0	0	f8	f0	8	4	3	19	1	1
25	2016	240	17	9	13	700	0	-6.42859289	0	0	0	f8	f0	8	4	3	19	1	1
25	2016	240	17	9	14	700	0	-6.42538379	0	0	0	f8	f0	8	4	3	19	1	1
25	2016	240	17	9	15	700	0	-6.42216169	0	0	0	f8	f0	8	4	3	19	1	1
25	2016	240	17	9	16	700	0	-6.4188813	0	0	0	f8	f0	8	4	3	19	1	1
25	2016	240	17	9	17	700	0	-6.41555768	0	0	0	f8	f0	8	4	3	19	1	1
25	2016	240	17	9	18	700	0	-6.41222473	0	0	0	f8	f0	8	4	3	19	1	1
25	2016	240	17	9	19	700	0	-6.40882623	0	0	0	f8	f0	8	4	3	19	1	1
26	2016	240	17	9	20	700	0	-6.40539954	0	0	0	f8	f0	8	4	3	001a	1	1
26	2016	240	17	9	21	700	0	-6.40192397	0	0	0	f8	f0	8	4	3	001a	1	1
26	2016	240	17	9	22	700	0	-6.39844785	0	0	0	f8	f0	8	4	3	001a	1	1
26	2016	240	17	9	23	700	0	-6.39487448	0	0	0	f8	f0	8	4	3	001a	1	1
26	2016	240	17	9	24	700	0	-6.39130577	0	0	0	f8	f0	8	4	3	001a	1	1
26	2016	240	17	9	25	700	0	-6.38768237	0	0	0	f8	f0	8	4	3	001a	1	1
26	2016	240	17	9	26	700	0	-6.38402672	0	0	0	f8	f0	8	4	3	001a	1	1
26	2016	240	17	9	27	700	0	-6.38031072	0	0	0	f8	f0	8	4	3	001a	1	1
26	2016	240	17	9	28	700	0	-6.37656241	0	0	0	f8	f0	8	4	3	001a	1	1
26	2016	240	17	9	29	700	0	-6.37274907	0	0	0	f8	f0	8	4	3	001a	1	1
27	2016	240	17	9	30	700	0	-6.36893834	0	0	0	f8	f0	8	4	3	001b	1	1
27	2016	240	17	9	31	700	0	-6.36505313	0	0	0	f8	f0	8	4	3	001b	1	1
27	2016	240	17	9	32	700	0	-6.36112635	0	0	0	f8	f0	8	4	3	001b	1	1
27	2016	240	17	9	33	700	0	-6.35714441	0	0	0	f8	f0	8	4	3	001b	1	1
27	2016	240	17	9	34	700	0	-6.3531546	0	0	0	f8	f0	8	4	3	001b	1	1
27	2016	240	17	9	35	700	0	-6.34909719	0	0	0	f8	f0	8	4	3	001b	1	1
27	2016	240	17	9	36	700	0	-6.34498667	0	0	0	f8	f0	8	4	3	001b	1	1
27	2016	240	17	9	37	700	0	-6.34081993	0	0	0	f8	f0	8	4	3	001b	1	1
27	2016	240	17	9	38	700	0	-6.33663234	0	0	0	f8	f0	8	4	3	001b	1	1
27	2016	240	17	9	39	700	0	-6.33238393	0	0	0	f8	f0	8	4	3	001b	1	1
28	2016	240	17	9	40	700	0	-6.32809954	0	0	0	f8	f0	8	4	3	001c	1	1
28	2016	240	17	9	41	700	0	-6.32376006	0	0	0	f8	f0	8	4	3	001c	1	1
28	2016	240	17	9	42	700	0	-6.3193555	0	0	0	f8	f0	8	4	3	001c	1	1
28	2016	240	17	9	43	700	0	-6.31490977	0	0	0	f8	f0	8	4	3	001c	1	1
28	2016	240	17	9	44	700	0	-6.31043545	0	0	0	f8	f0	8	4	3	001c	1	1
28	2016	240	17	9	45	700	0	-6.30586228	0	0	0	f8	f0	8	4	3	001c	1	1
28	2016	240	17	9	46	700	0	-6.30128177	0	0	0	f8	f0	8	4	3	001c	1	1
28	2016	240	17	9	47	700	0	-6.29663625	0	0	0	f8	f0	8	4	3	001c	1	1
28	2016	240	17	9	48	700	0	-6.29192977	0	0	0	f8	f0	8	4	3	001c	1	1
28	2016	240	17	9	49	700	0	-6.28718433	0	0	0	f8	f0	8	4	3	001c	1	1
29	2016	240	17	9	50	700	0	-6.28237066	0	0	0	f8	f0	8	4	3	001d	1	1
29	2016	240	17	9	51	700	0	-6.27749977	0	0	0	f8	f0	8	4	3	001d	1	1
29	2016	240	17	9	52	700	0	-6.27258151	0	0	0	f8	f0	8	4	3	001d	1	1
29	2016	240	17	9	53	700	0	-6.26760337	0	0	0	f8	f0	8	4	3	001d	1	1
29	2016	240	17	9	54	700	0	-6.26258725	0	0	0	f8	f0	8	4	3	001d	1	1
29	2016	240	17	9	55	700	0	-6.25748426	0	0	0	f8	f0	8	4	3	001d	1	1
29	2016	240	17	9	56	700	0	-6.25233751	0	0	0	f8	f0	8	4	3	001d	1	1
29	2016	240	17	9	57	700	0	-6.24710748	0	0	0	f8	f0	8	4	3	001d	1	1
29	2016	240	17	9	58	700	0	-6.24186393	0	0	0	f8	f0	8	4	3	001d	1	1
29	2016	240	17	9	59	700	0	-6.23654077	0	0	0	f8	f0	8	4	3	001d	1	1
30	2016	240	17	10	0	700	0	-6.23114007	0	0	0	f8	f0	8	4	3	001e	1	1
30	2016	240	17	10	1	700	0	-6.22567528	0	0	0	f8	f0	8	4	3	001e	1	1
30	2016	240	17	10	2	700	0	-6.22016212	0	0	0	f8	f0	8	4	3	001e	1	1
30	2016	240	17	10	3	700	0	-6.21459907	0	0	0	f8	f0	8	4	3	001e	1	1
30	2016	240	17	10	4	700	0	-6.20893496	0	0	0	f8	f0	8	4	3	001e	1	1
30	2016	240	17	10	5	700	0	-6.20323135	0	0	0	f8	f0	8	4	3	001e	1	1
30	2016	240	17	10	6	700	0	-6.19746478	0	0	0	f8	f0	8	4	3	001e	1	1
30	2016	240	17	10	7	700	0	-6.19162839	0	0	0	f8	f0	8	4	3	001e	1	1
30	2016	240	17	10	8	700	0	-6.18570933	0	0	0	f8	f0	8	4	3	001e	1	1
30	2016	240	17	10	9	700	0	-6.17973192	0	0	0	f8	f0	8	4	3	001e	1	1
31	2016	240	17	10	10	700	0	-6.17368375	0	0	0	f8	f0	8	4	3	001f	1	1
31	2016	240	17	10	11	700	0	-6.16754399	0	0	0	f8	f0	8	4	3	001f	1	1
31	2016	240	17	10	12	700	0	-6.16137092	0	0	0	f8	f0	8	4	3	001f	1	1
31	2016	240	17	10	13	700	0	-6.15512184	0	0	0	f8	f0	8	4	3	001f	1	1
31	2016	240	17	10	14	700	0	-6.14877336	0	0	0	f8	f0	8	4	3	001f	1	1
31	2016	240	17	10	15	700	0	-6.14237652	0	0	0	f8	f0	8	4	3	001f	1	1
31	2016	240	17	10	16	700	0	-6.13589587	0	0	0	f8	f0	8	4	3	001f	1	1
31	2016	240	17	10	17	700	0	-6.12932568	0	0	0	f8	f0	8	4	3	001f	1	1
31	2016	240	17	10	18	700	0	-6.12269248	0	0	0	f8	f0	8	4	3	001f	1	1
31	2016	240	17	10	19	700	0	-6.11597088	0	0	0	f8	f0	8	4	3	001f	1	1
32	2016	240	17	10	20	700	0	-6.10918678	0	0	0	f8	f0	8	4	3	20	1	1
32	2016	240	17	10	21	700	0	-6.10233141	0	0	0	f8	f0	8	4	3	20	1	1
32	2016	240	17	10	22	700	0	-6.09537397	0	0	0	f8	f0	8	4	3	20	1	1
32	2016	240	17	10	23	700	0	-6.08832394	0	0	0	f8	f0	8	4	3	20	1	1
32	2016	240	17	10	24	700	0	-6.08120782	0	0	0	f8	f0	8	4	3	20	1	1
32	2016	240	17	10	25	700	0	-6.07399225	0	0	0	f8	f0	8	4	3	20	1	1
32	2016	240	17	10	26	700	0	-6.06672257	0	0	0	f8	f0	8	4	3	20	1	1
32	2016	240	17	10	27	700	0	-6.05935977	0	0	0	f8	f0	8	4	3	20	1	1
32	2016	240	17	10	28	700	0	-6.05188398	0	0	0	f8	f0	8	4	3	20	1	1
32	2016	240	17	10	29	700	0	-6.04432598	0	0	0	f8	f0	8	4	3	20	1	1
33	2016	240	17	10	30	700	0	-6.03669977	0	0	0	f8	f0	8	4	3	21	1	1
33	2016	240	17	10	31	700	0	-6.02898149	0	0	0	f8	f0	8	4	3	21	1	1
33	2016	240	17	10	32	700	0	-6.02115389	0	0	0	f8	f0	8	4	3	21	1	1
33	2016	240	17	10	33	700	0	-6.0132165	0	0	0	f8	f0	8	4	3	21	1	1
33	2016	240	17	10	34	700	0	-6.00521663	0	0	0	f8	f0	8	4	3	21	1	1
33	2016	240	17	10	35	700	0	-5.99712302	0	0	0	f8	f0	8	4	3	21	1	1
33	2016	240	17	10	36	700	0	-5.9889181	0	0	0	f8	f0	8	4	3	21	1	1
33	2016	240	17	10	37	700	0	-5.98061118	0	0	0	f8	f0	8	4	3	21	1	1
33	2016	240	17	10	38	700	0	-5.97222719	0	0	0	f8	f0	8	4	3	21	1	1
33	2016	240	17	10	39	700	0	-5.96373294	0	0	0	f8	f0	8	4	3	21	1	1
34	2016	240	17	10	40	700	0	-5.95511738	0	0	0	f8	f0	8	4	3	22	1	1
34	2016	240	17	10	41	700	0	-5.94642421	0	0	0	f8	f0	8	4	3	22	1	1
34	2016	240	17	10	42	700	0	-5.9376052	0	0	0	f8	f0	8	4	3	22	1	1
34	2016	240	17	10	43	700	0	-5.92868459	0	0	0	f8	f0	8	4	3	22	1	1
34	2016	240	17	10	44	700	0	-5.91966413	0	0	0	f8	f0	8	4	3	22	1	1
34	2016	240	17	10	45	700	0	-5.91052235	0	0	0	f8	f0	8	4	3	22	1	1
34	2016	240	17	10	46	700	0	-5.90128225	0	0	0	f8	f0	8	4	3	22	1	1
34	2016	240	17	10	47	700	0	-5.89193755	0	0	0	f8	f0	8	4	3	22	1	1
34	2016	240	17	10	48	700	0	-5.88245023	0	0	0	f8	f0	8	4	3	22	1	1
34	2016	240	17	10	49	700	0	-5.87287283	0	0	0	f8	f0	8	4	3	22	1	1
35	2016	240	17	10	50	700	0	-5.86316533	0	0	0	f8	f0	8	4	3	23	1	1
35	2016	240	17	10	51	700	0	-5.85334751	0	0	0	f8	f0	8	4	3	23	1	1
35	2016	240	17	10	52	700	0	-5.84341624	0	0	0	f8	f0	8	4	3	23	1	1
35	2016	240	17	10	53	700	0	-5.83334081	0	0	0	f8	f0	8	4	3	23	1	1
35	2016	240	17	10	54	700	0	-5.82317531	0	0	0	f8	f0	8	4	3	23	1	1
35	2016	240	17	10	55	700	0	-5.81286831	0	0	0	f8	f0	8	4	3	23	1	1
35	2016	240	17	10	56	700	0	-5.80243474	0	0	0	f8	f0	8	4	3	23	1	1
35	2016	240	17	10	57	700	0	-5.79185814	0	0	0	f8	f0	8	4	3	23	1	1
35	2016	240	17	10	58	700	0	-5.78116962	0	0	0	f8	f0	8	4	3	23	1	1
35	2016	240	17	10	59	700	0	-5.77034833	0	0	0	f8	f0	8	4	3	23	1	1
36	2016	240	17	11	0	700	0	-5.75940685	0	0	0	f8	f0	8	4	3	24	1	1
36	2016	240	17	11	1	700	0	-5.74828685	0	0	0	f8	f0	8	4	3	24	1	1
36	2016	240	17	11	2	700	0	-5.73706118	0	0	0	f8	f0	8	4	3	24	1	1
36	2016	240	17	11	3	700	0	-5.72568822	0	0	0	f8	f0	8	4	3	24	1	1
36	2016	240	17	11	4	700	0	-5.71418256	0	0	0	f8	f0	8	4	3	24	1	1
36	2016	240	17	11	5	700	0	-5.70253014	0	0	0	f8	f0	8	4	3	24	1	1
36	2016	240	17	11	6	700	0	-5.69071743	0	0	0	f8	f0	8	4	3	24	1	1
36	2016	240	17	11	7	700	0	-5.67878555	0	0	0	f8	f0	8	4	3	24	1	1
36	2016	240	17	11	8	700	0	-5.66671156	0	0	0	f8	f0	8	4	3	24	1	1
36	2016	240	17	11	9	700	0	-5.65445851	0	0	0	f8	f0	8	4	3	24	1	1
37	2016	240	17	11	10	700	0	-5.64207168	0	0	0	f8	f0	8	4	3	25	1	1
37	2016	240	17	11	11	700	0	-5.62950432	0	0	0	f8	f0	8	4	3	25	1	1
37	2016	240	17	11	12	700	0	-5.61680159	0	0	0	f8	f0	8	4	3	25	1	1
37	2016	240	17	11	13	700	0	-5.60394591	0	0	0	f8	f0	8	4	3	25	1	1
37	2016	240	17	11	14	700	0	-5.59091582	0	0	0	f8	f0	8	4	3	25	1	1
37	2016	240	17	11	15	700	0	-5.57771764	0	0	0	f8	f0	8	4	3	25	1	1
37	2016	240	17	11	16	700	0	-5.56436745	0	0	0	f8	f0	8	4	3	25	1	1
37	2016	240	17	11	17	700	0	-5.55084818	0	0	0	f8	f0	8	4	3	25	1	1
37	2016	240	17	11	18	700	0	-5.53716129	0	0	0	f8	f0	8	4	3	25	1	1
37	2016	240	17	11	19	700	0	-5.52328235	0	0	0	f8	f0	8	4	3	25	1	1
38	2016	240	17	11	20	700	0	-5.50925557	0	0	0	f8	f0	8	4	3	26	1	1
38	2016	240	17	11	21	700	0	-5.49504353	0	0	0	f8	f0	8	4	3	26	1	1
38	2016	240	17	11	22	700	0	-5.4806337	0	0	0	f8	f0	8	4	3	26	1	1
38	2016	240	17	11	23	700	0	-5.4660558	0	0	0	f8	f0	8	4	3	26	1	1
38	2016	240	17	11	24	700	0	-5.45131707	0	0	0	f8	f0	8	4	3	26	1	1
38	2016	240	17	11	25	700	0	-5.43637069	0	0	0	f8	f0	8	4	3	26	1	1
38	2016	240	17	11	26	700	0	-5.42122026	0	0	0	f8	f0	8	4	3	26	1	1
38	2016	240	17	11	27	700	0	-5.40590589	0	0	0	f8	f0	8	4	3	26	1	1
38	2016	240	17	11	28	700	0	-5.39037973	0	0	0	f8	f0	8	4	3	26	1	1
38	2016	240	17	11	29	700	0	-5.37466924	0	0	0	f8	f0	8	4	3	26	1	1
39	2016	240	17	11	30	700	0	-5.35874023	0	0	0	f8	f0	8	4	3	27	1	1
39	2016	240	17	11	31	700	0	-5.3426223	0	0	0	f8	f0	8	4	3	27	1	1
39	2016	240	17	11	32	700	0	-5.32630445	0	0	0	f8	f0	8	4	3	27	1	1
39	2016	240	17	11	33	700	0	-5.30975556	0	0	0	f8	f0	8	4	3	27	1	1
39	2016	240	17	11	34	700	0	-5.29301254	0	0	0	f8	f0	8	4	3	27	1	1
39	2016	240	17	11	35	700	0	-5.27605927	0	0	0	f8	f0	8	4	3	27	1	1
39	2016	240	17	11	36	700	0	-5.25889309	0	0	0	f8	f0	8	4	3	27	1	1
39	2016	240	17	11	37	700	0	-5.24150161	0	0	0	f8	f0	8	4	3	27	1	1
39	2016	240	17	11	38	700	0	-5.22389095	0	0	0	f8	f0	8	4	3	27	1	1
39	2016	240	17	11	39	700	0	-5.20605758	0	0	0	f8	f0	8	4	3	27	1	1
40	2016	240	17	11	40	700	0	-5.18798319	0	0	0	f8	f0	8	4	3	28	1	1
40	2016	240	17	11	41	700	0	-5.16970381	0	0	0	f8	f0	8	4	3	28	1	1
40	2016	240	17	11	42	700	0	-5.15116568	0	0	0	f8	f0	8	4	3	28	1	1
40	2016	240	17	11	43	700	0	-5.13241211	0	0	0	f8	f0	8	4	3	28	1	1
40	2016	240	17	11	44	700	0	-5.11341758	0	0	0	f8	f0	8	4	3	28	1	1
40	2016	240	17	11	45	700	0	-5.09415763	0	0	0	f8	f0	8	4	3	28	1	1
40	2016	240	17	11	46	700	0	-5.07467698	0	0	0	f8	f0	8	4	3	28	1	1
40	2016	240	17	11	47	700	0	-5.05492985	0	0	0	f8	f0	8	4	3	28	1	1
40	2016	240	17	11	48	700	0	-5.03494543	0	0	0	f8	f0	8	4	3	28	1	1
40	2016	240	17	11	49	700	0	-5.01470545	0	0	0	f8	f0	8	4	3	28	1	1
41	2016	240	17	11	50	700	0	-4.99421092	0	0	0	f8	f0	8	4	3	29	1	1
41	2016	240	17	11	51	700	0	-4.97345465	0	0	0	f8	f0	8	4	3	29	1	1
41	2016	240	17	11	52	700	0	-4.95242144	0	0	0	f8	f0	8	4	3	29	1	1
41	2016	240	17	11	53	700	0	-4.93112855	0	0	0	f8	f0	8	4	3	29	1	1
41	2016	240	17	11	54	700	0	-4.90956086	0	0	0	f8	f0	8	4	3	29	1	1
41	2016	240	17	11	55	700	0	-4.88772615	0	0	0	f8	f0	8	4	3	29	1	1
41	2016	240	17	11	56	700	0	-4.86562084	0	0	0	f8	f0	8	4	3	29	1	1
41	2016	240	17	11	57	700	0	-4.84321361	0	0	0	f8	f0	8	4	3	29	1	1
41	2016	240	17	11	58	700	0	-4.82053371	0	0	0	f8	f0	8	4	3	29	1	1
41	2016	240	17	11	59	700	0	-4.79757694	0	0	0	f8	f0	8	4	3	29	1	1
42	2016	240	17	12	0	700	0	-4.77432712	0	0	0	f8	f0	8	4	3	002a	1	1
42	2016	240	17	12	1	700	0	-4.75075925	0	0	0	f8	f0	8	4	3	002a	1	1
42	2016	240	17	12	2	700	0	-4.72691298	0	0	0	f8	f0	8	4	3	002a	1	1
42	2016	240	17	12	3	700	0	-4.70276325	0	0	0	f8	f0	8	4	3	002a	1	1
42	2016	240	17	12	4	700	0	-4.67830389	0	0	0	f8	f0	8	4	3	002a	1	1
42	2016	240	17	12	5	700	0	-4.65356345	0	0	0	f8	f0	8	4	3	002a	1	1
42	2016	240	17	12	6	700	0	-4.62847953	0	0	0	f8	f0	8	4	3	002a	1	1
42	2016	240	17	12	7	700	0	-4.60310148	0	0	0	f8	f0	8	4	3	002a	1	1
42	2016	240	17	12	8	700	0	-4.5773826	0	0	0	f8	f0	8	4	3	002a	1	1
42	2016	240	17	12	9	700	0	-4.5513774	0	0	0	f8	f0	8	4	3	002a	1	1
43	2016	240	17	12	10	700	0	-4.52502045	0	0	0	f8	f0	8	4	3	002b	1	1
43	2016	240	17	12	11	700	0	-4.49835171	0	0	0	f8	f0	8	4	3	002b	1	1
43	2016	240	17	12	12	700	0	-4.47134308	0	0	0	f8	f0	8	4	3	002b	1	1
43	2016	240	17	12	13	700	0	-4.44399403	0	0	0	f8	f0	8	4	3	002b	1	1
43	2016	240	17	12	14	700	0	-4.41632547	0	0	0	f8	f0	8	4	3	002b	1	1
43	2016	240	17	12	15	700	0	-4.3882957	0	0	0	f8	f0	8	4	3	002b	1	1
43	2016	240	17	12	16	700	0	-4.3599331	0	0	0	f8	f0	8	4	3	002b	1	1
43	2016	240	17	12	17	700	0	-4.33121215	0	0	0	f8	f0	8	4	3	002b	1	1
43	2016	240	17	12	18	700	0	-4.30216876	0	0	0	f8	f0	8	4	3	002b	1	1
43	2016	240	17	12	19	700	0	-4.27271632	0	0	0	f8	f0	8	4	3	002b	1	1
44	2016	240	17	12	20	700	0	-4.2429617	0	0	0	f8	f0	8	4	3	002c	1	1
44	2016	240	17	12	21	700	0	-4.21283421	0	0	0	f8	f0	8	4	3	002c	1	1
44	2016	240	17	12	22	700	0	-4.18232025	0	0	0	f8	f0	8	4	3	002c	1	1
44	2016	240	17	12	23	700	0	-4.15146121	0	0	0	f8	f0	8	4	3	002c	1	1
44	2016	240	17	12	24	700	0	-4.12022096	0	0	0	f8	f0	8	4	3	002c	1	1
44	2016	240	17	12	25	700	0	-4.08861584	0	0	0	f8	f0	8	4	3	002c	1	1
44	2016	240	17	12	26	700	0	-4.0566188	0	0	0	f8	f0	8	4	3	002c	1	1
44	2016	240	17	12	27	700	0	-4.02425954	0	0	0	f8	f0	8	4	3	002c	1	1
44	2016	240	17	12	28	700	0	-3.99151042	0	0	0	f8	f0	8	4	3	002c	1	1
44	2016	240	17	12	29	700	0	-3.95838476	0	0	0	f8	f0	8	4	3	002c	1	1
45	2016	240	17	12	30	700	0	-3.92486745	0	0	0	f8	f0	8	4	3	002d	1	1
45	2016	240	17	12	31	700	0	-3.890978	0	0	0	f8	f0	8	4	3	002d	1	1
45	2016	240	17	12	32	700	0	-3.85666644	0	0	0	f8	f0	8	4	3	002d	1	1
45	2016	240	17	12	33	700	0	-3.82196761	0	0	0	f8	f0	8	4	3	002d	1	1
45	2016	240	17	12	34	700	0	-3.78689359	0	0	0	f8	f0	8	4	3	002d	1	1
45	2016	240	17	12	35	700	0	-3.75140212	0	0	0	f8	f0	8	4	3	002d	1	1
45	2016	240	17	12	36	700	0	-3.71551585	0	0	0	f8	f0	8	4	3	002d	1	1
45	2016	240	17	12	37	700	0	-3.67922161	0	0	0	f8	f0	8	4	3	002d	1	1
45	2016	240	17	12	38	700	0	-3.64252105	0	0	0	f8	f0	8	4	3	002d	1	1
45	2016	240	17	12	39	700	0	-3.6054117	0	0	0	f8	f0	8	4	3	002d	1	1
46	2016	240	17	12	40	700	0	-3.56789171	0	0	0	f8	f0	8	4	3	002e	1	1
46	2016	240	17	12	41	700	0	-3.52996186	0	0	0	f8	f0	8	4	3	002e	1	1
46	2016	240	17	12	42	700	0	-3.49164189	0	0	0	f8	f0	8	4	3	002e	1	1
46	2016	240	17	12	43	700	0	-3.45289928	0	0	0	f8	f0	8	4	3	002e	1	1
46	2016	240	17	12	44	700	0	-3.41373196	0	0	0	f8	f0	8	4	3	002e	1	1
46	2016	240	17	12	45	700	0	-3.37415139	0	0	0	f8	f0	8	4	3	002e	1	1
46	2016	240	17	12	46	700	0	-3.33414691	0	0	0	f8	f0	8	4	3	002e	1	1
46	2016	240	17	12	47	700	0	-3.29373985	0	0	0	f8	f0	8	4	3	002e	1	1
46	2016	240	17	12	48	700	0	-3.25292086	0	0	0	f8	f0	8	4	3	002e	1	1
46	2016	240	17	12	49	700	0	-3.21165938	0	0	0	f8	f0	8	4	3	002e	1	1
47	2016	240	17	12	50	700	0	-3.16998366	0	0	0	f8	f0	8	4	3	002f	1	1
47	2016	240	17	12	51	700	0	-3.12789388	0	0	0	f8	f0	8	4	3	002f	1	1
47	2016	240	17	12	52	700	0	-3.08539345	0	0	0	f8	f0	8	4	3	002f	1	1
47	2016	240	17	12	53	700	0	-3.04246784	0	0	0	f8	f0	8	4	3	002f	1	1
47	2016	240	17	12	54	700	0	-2.99912033	0	0	0	f8	f0	8	4	3	002f	1	1
47	2016	240	17	12	55	700	0	-2.95537308	0	0	0	f8	f0	8	4	3	002f	1	1
47	2016	240	17	12	56	700	0	-2.91119333	0	0	0	f8	f0	8	4	3	002f	1	1
47	2016	240	17	12	57	700	0	-2.86661592	0	0	0	f8	f0	8	4	3	002f	1	1
47	2016	240	17	12	58	700	0	-2.82159328	0	0	0	f8	f0	8	4	3	002f	1	1
47	2016	240	17	12	59	700	0	-2.77618676	0	0	0	f8	f0	8	4	3	002f	1	1
48	2016	240	17	13	0	700	0	-2.73036519	0	0	0	f8	f0	8	4	3	30	1	1
48	2016	240	17	13	1	700	0	-2.68412091	0	0	0	f8	f0	8	4	3	30	1	1
48	2016	240	17	13	2	700	0	-2.63749441	0	0	0	f8	f0	8	4	3	30	1	1
48	2016	240	17	13	3	700	0	-2.59044814	0	0	0	f8	f0	8	4	3	30	1	1
48	2016	240	17	13	4	700	0	-2.54299793	0	0	0	f8	f0	8	4	3	30	1	1
48	2016	240	17	13	5	700	0	-2.49515266	0	0	0	f8	f0	8	4	3	30	1	1
48	2016	240	17	13	6	700	0	-2.4469449	0	0	0	f8	f0	8	4	3	30	1	1
48	2016	240	17	13	7	700	0	-2.39828457	0	0	0	f8	f0	8	4	3	30	1	1
48	2016	240	17	13	8	700	0	-2.3492826	0	0	0	f8	f0	8	4	3	30	1	1
48	2016	240	17	13	9	700	0	-2.29987977	0	0	0	f8	f0	8	4	3	30	1	1
49	2016	240	17	13	10	700	0	-2.25008453	0	0	0	f8	f0	8	4	3	31	1	1
49	2016	240	17	13	11	700	0	-2.19993226	0	0	0	f8	f0	8	4	3	31	1	1
49	2016	240	17	13	12	700	0	-2.14940311	0	0	0	f8	f0	8	4	3	31	1	1
49	2016	240	17	13	13	700	0	-2.09851566	0	0	0	f8	f0	8	4	3	31	1	1
49	2016	240	17	13	14	700	0	-2.04727538	0	0	0	f8	f0	8	4	3	31	1	1
49	2016	240	17	13	15	700	0	-1.99565987	0	0	0	f8	f0	8	4	3	31	1	1
49	2016	240	17	13	16	700	0	-1.94370146	0	0	0	f8	f0	8	4	3	31	1	1
49	2016	240	17	13	17	700	0	-1.89140706	0	0	0	f8	f0	8	4	3	31	1	1
49	2016	240	17	13	18	700	0	-1.83876023	0	0	0	f8	f0	8	4	3	31	1	1
49	2016	240	17	13	19	700	0	-1.7857996	0	0	0	f8	f0	8	4	3	31	1	1
50	2016	240	17	13	20	700	0	-1.73252211	0	0	0	f8	f0	8	4	3	32	1	1
50	2016	240	17	13	21	700	0	-1.67890944	0	0	0	f8	f0	8	4	3	32	1	1
50	2016	240	17	13	22	700	0	-1.62499962	0	0	0	f8	f0	8	4	3	32	1	1
50	2016	240	17	13	23	700	0	-1.5707852	0	0	0	f8	f0	8	4	3	32	1	1
50	2016	240	17	13	24	700	0	-1.51628716	0	0	0	f8	f0	8	4	3	32	1	1
50	2016	240	17	13	25	700	0	-1.46149756	0	0	0	f8	f0	8	4	3	32	1	1
50	2016	240	17	13	26	700	0	-1.40642262	0	0	0	f8	f0	8	4	3	32	1	1
50	2016	240	17	13	27	700	0	-1.35107344	0	0	0	f8	f0	8	4	3	32	1	1
50	2016	240	17	13	28	700	0	-1.29549175	0	0	0	f8	f0	8	4	3	32	1	1
50	2016	240	17	13	29	700	0	-1.23965154	0	0	0	f8	f0	8	4	3	32	1	1
51	2016	240	17	13	30	700	0	-1.18357195	0	0	0	f8	f0	8	4	3	33	1	1
51	2016	240	17	13	31	700	0	-1.12724405	0	0	0	f8	f0	8	4	3	33	1	1
51	2016	240	17	13	32	700	0	-1.07072179	0	0	0	f8	f0	8	4	3	33	1	1
51	2016	240	17	13	33	700	0	-1.01397534	0	0	0	f8	f0	8	4	3	33	1	1
51	2016	240	17	13	34	700	0	-0.95702048	0	0	0	f8	f0	8	4	3	33	1	1
51	2016	240	17	13	35	700	0	-0.89989918	0	0	0	f8	f0	8	4	3	33	1	1
51	2016	240	17	13	36	700	0	-0.84259418	0	0	0	f8	f0	8	4	3	33	1	1
51	2016	240	17	13	37	700	0	-0.7850931	0	0	0	f8	f0	8	4	3	33	1	1
51	2016	240	17	13	38	700	0	-0.72745882	0	0	0	f8	f0	8	4	3	33	1	1
51	2016	240	17	13	39	700	0	-0.66966224	0	0	0	f8	f0	8	4	3	33	1	1
52	2016	240	17	13	40	700	0	-0.6117615	0	0	0	f8	f0	8	4	3	34	1	1
52	2016	240	17	13	41	700	0	-0.55368567	0	0	0	f8	f0	8	4	3	34	1	1
52	2016	240	17	13	42	700	0	-0.49551827	0	0	0	f8	f0	8	4	3	34	1	1
52	2016	240	17	13	43	700	0	-0.43725479	0	0	0	f8	f0	8	4	3	34	1	1
52	2016	240	17	13	44	700	0	-0.37890481	0	0	0	f8	f0	8	4	3	34	1	1
52	2016	240	17	13	45	700	0	-0.32047426	0	0	0	f8	f0	8	4	3	34	1	1
52	2016	240	17	13	46	700	0	-0.26196735	0	0	0	f8	f0	8	4	3	34	1	1
52	2016	240	17	13	47	700	0	-0.2034245	0	0	0	f8	f0	8	4	3	34	1	1
52	2016	240	17	13	48	700	0	-0.14482354	0	0	0	f8	f0	8	4	3	34	1	1
52	2016	240	17	13	49	700	0	-0.08621396	0	0	0	f8	f0	8	4	3	34	1	1
53	2016	240	17	13	50	700	0	-0.02756225	0	0	0	f8	f0	8	4	3	35	1	1
53	2016	240	17	13	51	700	0	0.03108788	0	0	0	f8	f0	8	4	3	35	1	1
53	2016	240	17	13	52	700	0	0.08973404	0	0	0	f8	f0	8	4	3	35	1	1
53	2016	240	17	13	53	700	0	0.14833771	0	0	0	f8	f0	8	4	3	35	1	1
53	2016	240	17	13	54	700	0	0.20694248	0	0	0	f8	f0	8	4	3	35	1	1
53	2016	240	17	13	55	700	0	0.26550217	0	0	0	f8	f0	8	4	3	35	1	1
53	2016	240	17	13	56	700	0	0.32399758	0	0	0	f8	f0	8	4	3	35	1	1
53	2016	240	17	13	57	700	0	0.38241781	0	0	0	f8	f0	8	4	3	35	1	1
53	2016	240	17	13	58	700	0	0.44077884	0	0	0	f8	f0	8	4	3	35	1	1
53	2016	240	17	13	59	700	0	0.49904275	0	0	0	f8	f0	8	4	3	35	1	1
54	2016	240	17	14	0	700	0	0.55720456	0	0	0	f8	f0	8	4	3	36	1	1
54	2016	240	17	14	1	700	0	0.61525613	0	0	0	f8	f0	8	4	3	36	1	1
54	2016	240	17	14	2	700	0	0.67317675	0	0	0	f8	f0	8	4	3	36	1	1
54	2016	240	17	14	3	700	0	0.73096102	0	0	0	f8	f0	8	4	3	36	1	1
54	2016	240	17	14	4	700	0	0.78859721	0	0	0	f8	f0	8	4	3	36	1	1
54	2016	240	17	14	5	700	0	0.84608752	0	0	0	f8	f0	8	4	3	36	1	1
54	2016	240	17	14	6	700	0	0.90339045	0	0	0	f8	f0	8	4	3	36	1	1
54	2016	240	17	14	7	700	0	0.96053805	0	0	0	f8	f0	8	4	3	36	1	1
54	2016	240	17	14	8	700	0	1.01749193	0	0	0	f8	f0	8	4	3	36	1	1
54	2016	240	17	14	9	700	0	1.07421659	0	0	0	f8	f0	8	4	3	36	1	1
55	2016	240	17	14	10	700	0	1.13075386	0	0	0	f8	f0	8	4	3	37	1	1
55	2016	240	17	14	11	700	0	1.18706138	0	0	0	f8	f0	8	4	3	37	1	1
55	2016	240	17	14	12	700	0	1.24313995	0	0	0	f8	f0	8	4	3	37	1	1
55	2016	240	17	14	13	700	0	1.29897537	0	0	0	f8	f0	8	4	3	37	1	1
55	2016	240	17	14	14	700	0	1.3545819	0	0	0	f8	f0	8	4	3	37	1	1
55	2016	240	17	14	15	700	0	1.4099221	0	0	0	f8	f0	8	4	3	37	1	1
55	2016	240	17	14	16	700	0	1.46498125	0	0	0	f8	f0	8	4	3	37	1	1
55	2016	240	17	14	17	700	0	1.51977486	0	0	0	f8	f0	8	4	3	37	1	1
55	2016	240	17	14	18	700	0	1.57425577	0	0	0	f8	f0	8	4	3	37	1	1
55	2016	240	17	14	19	700	0	1.62847222	0	0	0	f8	f0	8	4	3	37	1	1
56	2016	240	17	14	20	700	0	1.68238276	0	0	0	f8	f0	8	4	3	38	1	1
56	2016	240	17	14	21	700	0	1.73596581	0	0	0	f8	f0	8	4	3	38	1	1
56	2016	240	17	14	22	700	0	1.78927366	0	0	0	f8	f0	8	4	3	38	1	1
56	2016	240	17	14	23	700	0	1.84222072	0	0	0	f8	f0	8	4	3	38	1	1
56	2016	240	17	14	24	700	0	1.89485827	0	0	0	f8	f0	8	4	3	38	1	1
56	2016	240	17	14	25	700	0	1.9471632	0	0	0	f8	f0	8	4	3	38	1	1
56	2016	240	17	14	26	700	0	1.99910605	0	0	0	f8	f0	8	4	3	38	1	1
56	2016	240	17	14	27	700	0	2.0506967	0	0	0	f8	f0	8	4	3	38	1	1
56	2016	240	17	14	28	700	0	2.10196785	0	0	0	f8	f0	8	4	3	38	1	1
56	2016	240	17	14	29	700	0	2.15285162	0	0	0	f8	f0	8	4	3	38	1	1
57	2016	240	17	14	30	700	0	2.20336558	0	0	0	f8	f0	8	4	3	39	1	1
57	2016	240	17	14	31	700	0	2.253529	0	0	0	f8	f0	8	4	3	39	1	1
57	2016	240	17	14	32	700	0	2.30332415	0	0	0	f8	f0	8	4	3	39	1	1
57	2016	240	17	14	33	700	0	2.35271186	0	0	0	f8	f0	8	4	3	39	1	1
57	2016	240	17	14	34	700	0	2.40171905	0	0	0	f8	f0	8	4	3	39	1	1
57	2016	240	17	14	35	700	0	2.45034031	0	0	0	f8	f0	8	4	3	39	1	1
57	2016	240	17	14	36	700	0	2.49857258	0	0	0	f8	f0	8	4	3	39	1	1
57	2016	240	17	14	37	700	0	2.54641473	0	0	0	f8	f0	8	4	3	39	1	1
57	2016	240	17	14	38	700	0	2.59387749	0	0	0	f8	f0	8	4	3	39	1	1
57	2016	240	17	14	39	700	0	2.64091448	0	0	0	f8	f0	8	4	3	39	1	1
58	2016	240	17	14	40	700	0	2.68755156	0	0	0	f8	f0	8	4	3	003a	1	1
58	2016	240	17	14	41	700	0	2.73378832	0	0	0	f8	f0	8	4	3	003a	1	1
58	2016	240	17	14	42	700	0	2.7796181	0	0	0	f8	f0	8	4	3	003a	1	1
58	2016	240	17	14	43	700	0	2.82502038	0	0	0	f8	f0	8	4	3	003a	1	1
58	2016	240	17	14	44	700	0	2.87000989	0	0	0	f8	f0	8	4	3	003a	1	1
58	2016	240	17	14	45	700	0	2.91461761	0	0	0	f8	f0	8	4	3	003a	1	1
58	2016	240	17	14	46	700	0	2.95880195	0	0	0	f8	f0	8	4	3	003a	1	1
58	2016	240	17	14	47	700	0	3.0025486	0	0	0	f8	f0	8	4	3	003a	1	1
58	2016	240	17	14	48	700	0	3.04586842	0	0	0	f8	f0	8	4	3	003a	1	1
58	2016	240	17	14	49	700	0	3.08880338	0	0	0	f8	f0	8	4	3	003a	1	1
59	2016	240	17	14	50	700	0	3.1313061	0	0	0	f8	f0	8	4	3	003b	1	1
59	2016	240	17	14	51	700	0	3.17340671	0	0	0	f8	f0	8	4	3	003b	1	1
59	2016	240	17	14	52	700	0	3.21506836	0	0	0	f8	f0	8	4	3	003b	1	1
59	2016	240	17	14	53	700	0	3.25632662	0	0	0	f8	f0	8	4	3	003b	1	1
59	2016	240	17	14	54	700	0	3.29714299	0	0	0	f8	f0	8	4	3	003b	1	1
59	2016	240	17	14	55	700	0	3.33756277	0	0	0	f8	f0	8	4	3	003b	1	1
59	2016	240	17	14	56	700	0	3.37755398	0	0	0	f8	f0	8	4	3	003b	1	1
59	2016	240	17	14	57	700	0	3.41712488	0	0	0	f8	f0	8	4	3	003b	1	1
59	2016	240	17	14	58	700	0	3.45630619	0	0	0	f8	f0	8	4	3	003b	1	1
59	2016	240	17	14	59	700	0	3.49505426	0	0	0	f8	f0	8	4	3	003b	1	1
60	2016	240	17	15	0	700	0	3.53339342	0	0	0	f8	f0	8	4	3	003c	1	1
60	2016	240	17	15	1	700	0	3.57131394	0	0	0	f8	f0	8	4	3	003c	1	1
60	2016	240	17	15	2	700	0	3.60882633	0	0	0	f8	f0	8	4	3	003c	1	1
60	2016	240	17	15	3	700	0	3.64592841	0	0	0	f8	f0	8	4	3	003c	1	1
60	2016	240	17	15	4	700	0	3.68263277	0	0	0	f8	f0	8	4	3	003c	1	1
60	2016	240	17	15	5	700	0	3.7189304	0	0	0	f8	f0	8	4	3	003c	1	1
60	2016	240	17	15	6	700	0	3.75481712	0	0	0	f8	f0	8	4	3	003c	1	1
60	2016	240	17	15	7	700	0	3.79029685	0	0	0	f8	f0	8	4	3	003c	1	1
60	2016	240	17	15	8	700	0	3.82540837	0	0	0	f8	f0	8	4	3	003c	1	1
60	2016	240	17	15	9	700	0	3.86010371	0	0	0	f8	f0	8	4	3	003c	1	1
61	2016	240	17	15	10	700	0	3.89441185	0	0	0	f8	f0	8	4	3	003d	1	1
61	2016	240	17	15	11	700	0	3.92831739	0	0	0	f8	f0	8	4	3	003d	1	1
61	2016	240	17	15	12	700	0	3.96181875	0	0	0	f8	f0	8	4	3	003d	1	1
61	2016	240	17	15	13	700	0	3.99497821	0	0	0	f8	f0	8	4	3	003d	1	1
61	2016	240	17	15	14	700	0	4.02772361	0	0	0	f8	f0	8	4	3	003d	1	1
61	2016	240	17	15	15	700	0	4.06008748	0	0	0	f8	f0	8	4	3	003d	1	1
61	2016	240	17	15	16	700	0	4.09208207	0	0	0	f8	f0	8	4	3	003d	1	1
61	2016	240	17	15	17	700	0	4.12368266	0	0	0	f8	f0	8	4	3	003d	1	1
61	2016	240	17	15	18	700	0	4.15493382	0	0	0	f8	f0	8	4	3	003d	1	1
61	2016	240	17	15	19	700	0	4.18581224	0	0	0	f8	f0	8	4	3	003d	1	1
62	2016	240	17	15	20	700	0	4.21631564	0	0	0	f8	f0	8	4	3	003e	1	1
62	2016	240	17	15	21	700	0	4.24646103	0	0	0	f8	f0	8	4	3	003e	1	1
62	2016	240	17	15	22	700	0	4.27624252	0	0	0	f8	f0	8	4	3	003e	1	1
62	2016	240	17	15	23	700	0	4.30565427	0	0	0	f8	f0	8	4	3	003e	1	1
62	2016	240	17	15	24	700	0	4.33474304	0	0	0	f8	f0	8	4	3	003e	1	1
62	2016	240	17	15	25	700	0	4.36344667	0	0	0	f8	f0	8	4	3	003e	1	1
62	2016	240	17	15	26	700	0	4.39183178	0	0	0	f8	f0	8	4	3	003e	1	1
62	2016	240	17	15	27	700	0	4.41984548	0	0	0	f8	f0	8	4	3	003e	1	1
62	2016	240	17	15	28	700	0	4.44753439	0	0	0	f8	f0	8	4	3	003e	1	1
62	2016	240	17	15	29	700	0	4.47488554	0	0	0	f8	f0	8	4	3	003e	1	1
63	2016	240	17	15	30	700	0	4.50190258	0	0	0	f8	f0	8	4	3	003f	1	1
63	2016	240	17	15	31	700	0	4.52859897	0	0	0	f8	f0	8	4	3	003f	1	1
63	2016	240	17	15	32	700	0	4.554944	0	0	0	f8	f0	8	4	3	003f	1	1
63	2016	240	17	15	33	700	0	4.5809825	0	0	0	f8	f0	8	4	3	003f	1	1
63	2016	240	17	15	34	700	0	4.60669209	0	0	0	f8	f0	8	4	3	003f	1	1
63	2016	240	17	15	35	700	0	4.63208463	0	0	0	f8	f0	8	4	3	003f	1	1
63	2016	240	17	15	36	700	0	4.65716024	0	0	0	f8	f0	8	4	3	003f	1	1
63	2016	240	17	15	37	700	0	4.6819314	0	0	0	f8	f0	8	4	3	003f	1	1
63	2016	240	17	15	38	700	0	4.70639383	0	0	0	f8	f0	8	4	3	003f	1	1
63	2016	240	17	15	39	700	0	4.73054454	0	0	0	f8	f0	8	4	3	003f	1	1
64	2016	240	17	15	40	700	0	4.75442516	0	0	0	f8	f0	8	4	3	40	1	1
64	2016	240	17	15	41	700	0	4.77796948	0	0	0	f8	f0	8	4	3	40	1	1
64	2016	240	17	15	42	700	0	4.80122859	0	0	0	f8	f0	8	4	3	40	1	1
64	2016	240	17	15	43	700	0	4.82421708	0	0	0	f8	f0	8	4	3	40	1	1
64	2016	240	17	15	44	700	0	4.84691823	0	0	0	f8	f0	8	4	3	40	1	1
64	2016	240	17	15	45	700	0	4.86932691	0	0	0	f8	f0	8	4	3	40	1	1
64	2016	240	17	15	46	700	0	4.89143259	0	0	0	f8	f0	8	4	3	40	1	1
64	2016	240	17	15	47	700	0	4.91330104	0	0	0	f8	f0	8	4	3	40	1	1
64	2016	240	17	15	48	700	0	4.93487588	0	0	0	f8	f0	8	4	3	40	1	1
64	2016	240	17	15	49	700	0	4.95616078	0	0	0	f8	f0	8	4	3	40	1	1
65	2016	240	17	15	50	700	0	4.97719691	0	0	0	f8	f0	8	4	3	41	1	1
65	2016	240	17	15	51	700	0	4.99798841	0	0	0	f8	f0	8	4	3	41	1	1
65	2016	240	17	15	52	700	0	5.0184931	0	0	0	f8	f0	8	4	3	41	1	1
65	2016	240	17	15	53	700	0	5.03874076	0	0	0	f8	f0	8	4	3	41	1	1
65	2016	240	17	15	54	700	0	5.05875931	0	0	0	f8	f0	8	4	3	41	1	1
65	2016	240	17	15	55	700	0	5.07850671	0	0	0	f8	f0	8	4	3	41	1	1
65	2016	240	17	15	56	700	0	5.09799128	0	0	0	f8	f0	8	4	3	41	1	1
65	2016	240	17	15	57	700	0	5.11725101	0	0	0	f8	f0	8	4	3	41	1	1
65	2016	240	17	15	58	700	0	5.13628641	0	0	0	f8	f0	8	4	3	41	1	1
65	2016	240	17	15	59	700	0	5.155047	0	0	0	f8	f0	8	4	3	41	1	1
66	2016	240	17	16	0	700	0	5.17357388	0	0	0	f8	f0	8	4	3	42	1	1
66	2016	240	17	16	1	700	0	5.19188997	0	0	0	f8	f0	8	4	3	42	1	1
66	2016	240	17	16	2	700	0	5.20995409	0	0	0	f8	f0	8	4	3	42	1	1
66	2016	240	17	16	3	700	0	5.22782674	0	0	0	f8	f0	8	4	3	42	1	1
66	2016	240	17	16	4	700	0	5.24543703	0	0	0	f8	f0	8	4	3	42	1	1
66	2016	240	17	16	5	700	0	5.2628412	0	0	0	f8	f0	8	4	3	42	1	1
66	2016	240	17	16	6	700	0	5.2800325	0	0	0	f8	f0	8	4	3	42	1	1
66	2016	240	17	16	7	700	0	5.29700055	0	0	0	f8	f0	8	4	3	42	1	1
66	2016	240	17	16	8	700	0	5.31375721	0	0	0	f8	f0	8	4	3	42	1	1
66	2016	240	17	16	9	700	0	5.33031201	0	0	0	f8	f0	8	4	3	42	1	1
67	2016	240	17	16	10	700	0	5.34664761	0	0	0	f8	f0	8	4	3	43	1	1
67	2016	240	17	16	11	700	0	5.36277143	0	0	0	f8	f0	8	4	3	43	1	1
67	2016	240	17	16	12	700	0	5.37872502	0	0	0	f8	f0	8	4	3	43	1	1
67	2016	240	17	16	13	700	0	5.39443917	0	0	0	f8	f0	8	4	3	43	1	1
67	2016	240	17	16	14	700	0	5.4099977	0	0	0	f8	f0	8	4	3	43	1	1
67	2016	240	17	16	15	700	0	5.42532098	0	0	0	f8	f0	8	4	3	43	1	1
67	2016	240	17	16	16	700	0	5.44048809	0	0	0	f8	f0	8	4	3	43	1	1
67	2016	240	17	16	17	700	0	5.45544602	0	0	0	f8	f0	8	4	3	43	1	1
67	2016	240	17	16	18	700	0	5.4702082	0	0	0	f8	f0	8	4	3	43	1	1
67	2016	240	17	16	19	700	0	5.48483041	0	0	0	f8	f0	8	4	3	43	1	1
68	2016	240	17	16	20	700	0	5.49924123	0	0	0	f8	f0	8	4	3	44	1	1
68	2016	240	17	16	21	700	0	5.51345538	0	0	0	f8	f0	8	4	3	44	1	1
68	2016	240	17	16	22	700	0	5.52750084	0	0	0	f8	f0	8	4	3	44	1	1
68	2016	240	17	16	23	700	0	5.54138967	0	0	0	f8	f0	8	4	3	44	1	1
68	2016	240	17	16	24	700	0	5.55510568	0	0	0	f8	f0	8	4	3	44	1	1
68	2016	240	17	16	25	700	0	5.56862863	0	0	0	f8	f0	8	4	3	44	1	1
68	2016	240	17	16	26	700	0	5.58200993	0	0	0	f8	f0	8	4	3	44	1	1
68	2016	240	17	16	27	700	0	5.59520702	0	0	0	f8	f0	8	4	3	44	1	1
68	2016	240	17	16	28	700	0	5.60825787	0	0	0	f8	f0	8	4	3	44	1	1
68	2016	240	17	16	29	700	0	5.6211395	0	0	0	f8	f0	8	4	3	44	1	1
69	2016	240	17	16	30	700	0	5.63385518	0	0	0	f8	f0	8	4	3	45	1	1
69	2016	240	17	16	31	700	0	5.64642195	0	0	0	f8	f0	8	4	3	45	1	1
69	2016	240	17	16	32	700	0	5.65885388	0	0	0	f8	f0	8	4	3	45	1	1
69	2016	240	17	16	33	700	0	5.67110992	0	0	0	f8	f0	8	4	3	45	1	1
69	2016	240	17	16	34	700	0	5.68322027	0	0	0	f8	f0	8	4	3	45	1	1
69	2016	240	17	16	35	700	0	5.69517178	0	0	0	f8	f0	8	4	3	45	1	1
69	2016	240	17	16	36	700	0	5.70697239	0	0	0	f8	f0	8	4	3	45	1	1
69	2016	240	17	16	37	700	0	5.71865588	0	0	0	f8	f0	8	4	3	45	1	1
69	2016	240	17	16	38	700	0	5.73018274	0	0	0	f8	f0	8	4	3	45	1	1
69	2016	240	17	16	39	700	0	5.74157529	0	0	0	f8	f0	8	4	3	45	1	1
70	2016	240	17	16	40	700	0	5.75284346	0	0	0	f8	f0	8	4	3	46	1	1
70	2016	240	17	16	41	700	0	5.76394087	0	0	0	f8	f0	8	4	3	46	1	1
70	2016	240	17	16	42	700	0	5.77489724	0	0	0	f8	f0	8	4	3	46	1	1
70	2016	240	17	16	43	700	0	5.78575161	0	0	0	f8	f0	8	4	3	46	1	1
70	2016	240	17	16	44	700	0	5.79647693	0	0	0	f8	f0	8	4	3	46	1	1
70	2016	240	17	16	45	700	0	5.80705748	0	0	0	f8	f0	8	4	3	46	1	1
70	2016	240	17	16	46	700	0	5.81749913	0	0	0	f8	f0	8	4	3	46	1	1
70	2016	240	17	16	47	700	0	5.82783817	0	0	0	f8	f0	8	4	3	46	1	1
70	2016	240	17	16	48	700	0	5.83803358	0	0	0	f8	f0	8	4	3	46	1	1
70	2016	240	17	16	49	700	0	5.84809993	0	0	0	f8	f0	8	4	3	46	1	1
71	2016	240	17	16	50	700	0	5.85807362	0	0	0	f8	f0	8	4	3	47	1	1
71	2016	240	17	16	51	700	0	5.86791093	0	0	0	f8	f0	8	4	3	47	1	1
71	2016	240	17	16	52	700	0	5.87761712	0	0	0	f8	f0	8	4	3	47	1	1
71	2016	240	17	16	53	700	0	5.88722858	0	0	0	f8	f0	8	4	3	47	1	1
71	2016	240	17	16	54	700	0	5.89672498	0	0	0	f8	f0	8	4	3	47	1	1
71	2016	240	17	16	55	700	0	5.9060808	0	0	0	f8	f0	8	4	3	47	1	1
71	2016	240	17	16	56	700	0	5.91535861	0	0	0	f8	f0	8	4	3	47	1	1
71	2016	240	17	16	57	700	0	5.92450784	0	0	0	f8	f0	8	4	3	47	1	1
71	2016	240	17	16	58	700	0	5.93353528	0	0	0	f8	f0	8	4	3	47	1	1
71	2016	240	17	16	59	700	0	5.94249404	0	0	0	f8	f0	8	4	3	47	1	1
72	2016	240	17	17	0	700	0	5.95133413	0	0	0	f8	f0	8	4	3	48	1	1
72	2016	240	17	17	1	700	0	5.96004718	0	0	0	f8	f0	8	4	3	48	1	1
72	2016	240	17	17	2	700	0	5.96867488	0	0	0	f8	f0	8	4	3	48	1	1
72	2016	240	17	17	3	700	0	5.977187	0	0	0	f8	f0	8	4	3	48	1	1
72	2016	240	17	17	4	700	0	5.98561017	0	0	0	f8	f0	8	4	3	48	1	1
72	2016	240	17	17	5	700	0	5.99391622	0	0	0	f8	f0	8	4	3	48	1	1
72	2016	240	17	17	6	700	0	6.00213999	0	0	0	f8	f0	8	4	3	48	1	1
72	2016	240	17	17	7	700	0	6.01026702	0	0	0	f8	f0	8	4	3	48	1	1
72	2016	240	17	17	8	700	0	6.01828259	0	0	0	f8	f0	8	4	3	48	1	1
72	2016	240	17	17	9	700	0	6.02622428	0	0	0	f8	f0	8	4	3	48	1	1
73	2016	240	17	17	10	700	0	6.03407443	0	0	0	f8	f0	8	4	3	49	1	1
73	2016	240	17	17	11	700	0	6.04181518	0	0	0	f8	f0	8	4	3	49	1	1
73	2016	240	17	17	12	700	0	6.04949511	0	0	0	f8	f0	8	4	3	49	1	1
73	2016	240	17	17	13	700	0	6.05706151	0	0	0	f8	f0	8	4	3	49	1	1
73	2016	240	17	17	14	700	0	6.0645493	0	0	0	f8	f0	8	4	3	49	1	1
73	2016	240	17	17	15	700	0	6.07193308	0	0	0	f8	f0	8	4	3	49	1	1
73	2016	240	17	17	16	700	0	6.07922833	0	0	0	f8	f0	8	4	3	49	1	1
73	2016	240	17	17	17	700	0	6.08646681	0	0	0	f8	f0	8	4	3	49	1	1
73	2016	240	17	17	18	700	0	6.09360176	0	0	0	f8	f0	8	4	3	49	1	1
73	2016	240	17	17	19	700	0	6.10065184	0	0	0	f8	f0	8	4	3	49	1	1
74	2016	240	17	17	20	700	0	6.10763529	0	0	0	f8	f0	8	4	3	004a	1	1
74	2016	240	17	17	21	700	0	6.11451987	0	0	0	f8	f0	8	4	3	004a	1	1
74	2016	240	17	17	22	700	0	6.12133942	0	0	0	f8	f0	8	4	3	004a	1	1
74	2016	240	17	17	23	700	0	6.12806937	0	0	0	f8	f0	8	4	3	004a	1	1
74	2016	240	17	17	24	700	0	6.13472391	0	0	0	f8	f0	8	4	3	004a	1	1
74	2016	240	17	17	25	700	0	6.14129723	0	0	0	f8	f0	8	4	3	004a	1	1
74	2016	240	17	17	26	700	0	6.14780965	0	0	0	f8	f0	8	4	3	004a	1	1
74	2016	240	17	17	27	700	0	6.15424353	0	0	0	f8	f0	8	4	3	004a	1	1
74	2016	240	17	17	28	700	0	6.16059459	0	0	0	f8	f0	8	4	3	004a	1	1
74	2016	240	17	17	29	700	0	6.16687797	0	0	0	f8	f0	8	4	3	004a	1	1
75	2016	240	17	17	30	700	0	6.17308226	0	0	0	f8	f0	8	4	3	004b	1	1
75	2016	240	17	17	31	700	0	6.17923246	0	0	0	f8	f0	8	4	3	004b	1	1
75	2016	240	17	17	32	700	0	6.18528998	0	0	0	f8	f0	8	4	3	004b	1	1
75	2016	240	17	17	33	700	0	6.19129127	0	0	0	f8	f0	8	4	3	004b	1	1
75	2016	240	17	17	34	700	0	6.1972426	0	0	0	f8	f0	8	4	3	004b	1	1
75	2016	240	17	17	35	700	0	6.20307993	0	0	0	f8	f0	8	4	3	004b	1	1
75	2016	240	17	17	36	700	0	6.20889022	0	0	0	f8	f0	8	4	3	004b	1	1
75	2016	240	17	17	37	700	0	6.21462608	0	0	0	f8	f0	8	4	3	004b	1	1
75	2016	240	17	17	38	700	0	6.2202958	0	0	0	f8	f0	8	4	3	004b	1	1
75	2016	240	17	17	39	700	0	6.22588229	0	0	0	f8	f0	8	4	3	004b	1	1
76	2016	240	17	17	40	700	0	6.23141776	0	0	0	f8	f0	8	4	3	004c	1	1
76	2016	240	17	17	41	700	0	6.23689233	0	0	0	f8	f0	8	4	3	004c	1	1
76	2016	240	17	17	42	700	0	6.24229974	0	0	0	f8	f0	8	4	3	004c	1	1
76	2016	240	17	17	43	700	0	6.24765872	0	0	0	f8	f0	8	4	3	004c	1	1
76	2016	240	17	17	44	700	0	6.25295215	0	0	0	f8	f0	8	4	3	004c	1	1
76	2016	240	17	17	45	700	0	6.25818001	0	0	0	f8	f0	8	4	3	004c	1	1
76	2016	240	17	17	46	700	0	6.26334592	0	0	0	f8	f0	8	4	3	004c	1	1
76	2016	240	17	17	47	700	0	6.26847438	0	0	0	f8	f0	8	4	3	004c	1	1
76	2016	240	17	17	48	700	0	6.27351637	0	0	0	f8	f0	8	4	3	004c	1	1
76	2016	240	17	17	49	700	0	6.27851312	0	0	0	f8	f0	8	4	3	004c	1	1
77	2016	240	17	17	50	700	0	6.28345944	0	0	0	f8	f0	8	4	3	004d	1	1
77	2016	240	17	17	51	700	0	6.28834479	0	0	0	f8	f0	8	4	3	004d	1	1
77	2016	240	17	17	52	700	0	6.29317965	0	0	0	f8	f0	8	4	3	004d	1	1
77	2016	240	17	17	53	700	0	6.29795728	0	0	0	f8	f0	8	4	3	004d	1	1
77	2016	240	17	17	54	700	0	6.30266775	0	0	0	f8	f0	8	4	3	004d	1	1
77	2016	240	17	17	55	700	0	6.30734231	0	0	0	f8	f0	8	4	3	004d	1	1
77	2016	240	17	17	56	700	0	6.31197056	0	0	0	f8	f0	8	4	3	004d	1	1
77	2016	240	17	17	57	700	0	6.31654466	0	0	0	f8	f0	8	4	3	004d	1	1
77	2016	240	17	17	58	700	0	6.32105166	0	0	0	f8	f0	8	4	3	004d	1	1
77	2016	240	17	17	59	700	0	6.32550497	0	0	0	f8	f0	8	4	3	004d	1	1
78	2016	240	17	18	0	700	0	6.32993489	0	0	0	f8	f0	8	4	3	004e	1	1
78	2016	240	17	18	1	700	0	6.3342748	0	0	0	f8	f0	8	4	3	004e	1	1
78	2016	240	17	18	2	700	0	6.33861991	0	0	0	f8	f0	8	4	3	004e	1	1
78	2016	240	17	18	3	700	0	6.34291345	0	0	0	f8	f0	8	4	3	004e	1	1
78	2016	240	17	18	4	700	0	6.34709253	0	0	0	f8	f0	8	4	3	004e	1	1
78	2016	240	17	18	5	700	0	6.35126842	0	0	0	f8	f0	8	4	3	004e	1	1
78	2016	240	17	18	6	700	0	6.35541159	0	0	0	f8	f0	8	4	3	004e	1	1
78	2016	240	17	18	7	700	0	6.35947975	0	0	0	f8	f0	8	4	3	004e	1	1
78	2016	240	17	18	8	700	0	6.36349594	0	0	0	f8	f0	8	4	3	004e	1	1
78	2016	240	17	18	9	700	0	6.36749075	0	0	0	f8	f0	8	4	3	004e	1	1
79	2016	240	17	18	10	700	0	6.37144598	0	0	0	f8	f0	8	4	3	004f	1	1
79	2016	240	17	18	11	700	0	6.37534864	0	0	0	f8	f0	8	4	3	004f	1	1
79	2016	240	17	18	12	700	0	6.37920393	0	0	0	f8	f0	8	4	3	004f	1	1
79	2016	240	17	18	13	700	0	6.38302332	0	0	0	f8	f0	8	4	3	004f	1	1
79	2016	240	17	18	14	700	0	6.38678961	0	0	0	f8	f0	8	4	3	004f	1	1
79	2016	240	17	18	15	700	0	6.39051745	0	0	0	f8	f0	8	4	3	004f	1	1
79	2016	240	17	18	16	700	0	6.39420252	0	0	0	f8	f0	8	4	3	004f	1	1
79	2016	240	17	18	17	700	0	6.39786681	0	0	0	f8	f0	8	4	3	004f	1	1
79	2016	240	17	18	18	700	0	6.40145821	0	0	0	f8	f0	8	4	3	004f	1	1
79	2016	240	17	18	19	700	0	6.40502156	0	0	0	f8	f0	8	4	3	004f	1	1
80	2016	240	17	18	20	700	0	6.40856506	0	0	0	f8	f0	8	4	3	50	1	1
80	2016	240	17	18	21	700	0	6.41204254	0	0	0	f8	f0	8	4	3	50	1	1
80	2016	240	17	18	22	700	0	6.41549076	0	0	0	f8	f0	8	4	3	50	1	1
80	2016	240	17	18	23	700	0	6.41890681	0	0	0	f8	f0	8	4	3	50	1	1
80	2016	240	17	18	24	700	0	6.42228062	0	0	0	f8	f0	8	4	3	50	1	1
80	2016	240	17	18	25	700	0	6.42560453	0	0	0	f8	f0	8	4	3	50	1	1
80	2016	240	17	18	26	700	0	6.42889459	0	0	0	f8	f0	8	4	3	50	1	1
80	2016	240	17	18	27	700	0	6.43216327	0	0	0	f8	f0	8	4	3	50	1	1
80	2016	240	17	18	28	700	0	6.43539037	0	0	0	f8	f0	8	4	3	50	1	1
80	2016	240	17	18	29	700	0	6.43857684	0	0	0	f8	f0	8	4	3	50	1	1
81	2016	240	17	18	30	700	0	6.44174352	0	0	0	f8	f0	8	4	3	51	1	1
81	2016	240	17	18	31	700	0	6.44485976	0	0	0	f8	f0	8	4	3	51	1	1
81	2016	240	17	18	32	700	0	6.44792703	0	0	0	f8	f0	8	4	3	51	1	1
81	2016	240	17	18	33	700	0	6.45097605	0	0	0	f8	f0	8	4	3	51	1	1
81	2016	240	17	18	34	700	0	6.45399703	0	0	0	f8	f0	8	4	3	51	1	1
81	2016	240	17	18	35	700	0	6.45696803	0	0	0	f8	f0	8	4	3	51	1	1
81	2016	240	17	18	36	700	0	6.45992238	0	0	0	f8	f0	8	4	3	51	1	1
81	2016	240	17	18	37	700	0	6.46284442	0	0	0	f8	f0	8	4	3	51	1	1
81	2016	240	17	18	38	700	0	6.46571649	0	0	0	f8	f0	8	4	3	51	1	1
81	2016	240	17	18	39	700	0	6.46856257	0	0	0	f8	f0	8	4	3	51	1	1
82	2016	240	17	18	40	700	0	6.47136908	0	0	0	f8	f0	8	4	3	52	1	1
82	2016	240	17	18	41	700	0	6.47417819	0	0	0	f8	f0	8	4	3	52	1	1
82	2016	240	17	18	42	700	0	6.47692328	0	0	0	f8	f0	8	4	3	52	1	1
82	2016	240	17	18	43	700	0	6.47964964	0	0	0	f8	f0	8	4	3	52	1	1
82	2016	240	17	18	44	700	0	6.4823401	0	0	0	f8	f0	8	4	3	52	1	1
82	2016	240	17	18	45	700	0	6.48499411	0	0	0	f8	f0	8	4	3	52	1	1
82	2016	240	17	18	46	700	0	6.48762627	0	0	0	f8	f0	8	4	3	52	1	1
82	2016	240	17	18	47	700	0	6.49023184	0	0	0	f8	f0	8	4	3	52	1	1
82	2016	240	17	18	48	700	0	6.49279738	0	0	0	f8	f0	8	4	3	52	1	1
82	2016	240	17	18	49	700	0	6.49536131	0	0	0	f8	f0	8	4	3	52	1	1
83	2016	240	17	18	50	700	0	6.49786962	0	0	0	f8	f0	8	4	3	53	1	1
83	2016	240	17	18	51	700	0	6.50034714	0	0	0	f8	f0	8	4	3	53	1	1
83	2016	240	17	18	52	700	0	6.50279922	0	0	0	f8	f0	8	4	3	53	1	1
83	2016	240	17	18	53	700	0	6.50524603	0	0	0	f8	f0	8	4	3	53	1	1
83	2016	240	17	18	54	700	0	6.50764974	0	0	0	f8	f0	8	4	3	53	1	1
83	2016	240	17	18	55	700	0	6.51001587	0	0	0	f8	f0	8	4	3	53	1	1
83	2016	240	17	18	56	700	0	6.51236022	0	0	0	f8	f0	8	4	3	53	1	1
83	2016	240	17	18	57	700	0	6.51469617	0	0	0	f8	f0	8	4	3	53	1	1
83	2016	240	17	18	58	700	0	6.51697802	0	0	0	f8	f0	8	4	3	53	1	1
83	2016	240	17	18	59	700	0	6.51923695	0	0	0	f8	f0	8	4	3	53	1	1
84	2016	240	17	19	0	700	0	6.52150268	0	0	0	f8	f0	8	4	3	54	1	1
84	2016	240	17	19	1	700	0	6.52371638	0	0	0	f8	f0	8	4	3	54	1	1
84	2016	240	17	19	2	700	0	6.52590763	0	0	0	f8	f0	8	4	3	54	1	1
84	2016	240	17	19	3	700	0	6.52808595	0	0	0	f8	f0	8	4	3	54	1	1
84	2016	240	17	19	4	700	0	6.53020904	0	0	0	f8	f0	8	4	3	54	1	1
84	2016	240	17	19	5	700	0	6.5323264	0	0	0	f8	f0	8	4	3	54	1	1
84	2016	240	17	19	6	700	0	6.53441617	0	0	0	f8	f0	8	4	3	54	1	1
84	2016	240	17	19	7	700	0	6.53650602	0	0	0	f8	f0	8	4	3	54	1	1
84	2016	240	17	19	8	700	0	6.53854476	0	0	0	f8	f0	8	4	3	54	1	1
84	2016	240	17	19	9	700	0	6.54057052	0	0	0	f8	f0	8	4	3	54	1	1
85	2016	240	17	19	10	700	0	6.54256402	0	0	0	f8	f0	8	4	3	55	1	1
85	2016	240	17	19	11	700	0	6.54452735	0	0	0	f8	f0	8	4	3	55	1	1
85	2016	240	17	19	12	700	0	6.5464537	0	0	0	f8	f0	8	4	3	55	1	1
85	2016	240	17	19	13	700	0	6.54839671	0	0	0	f8	f0	8	4	3	55	1	1
85	2016	240	17	19	14	700	0	6.55032619	0	0	0	f8	f0	8	4	3	55	1	1
85	2016	240	17	19	15	700	0	6.55217759	0	0	0	f8	f0	8	4	3	55	1	1
85	2016	240	17	19	16	700	0	6.55403059	0	0	0	f8	f0	8	4	3	55	1	1
85	2016	240	17	19	17	700	0	6.55587625	0	0	0	f8	f0	8	4	3	55	1	1
85	2016	240	17	19	18	700	0	6.55770633	0	0	0	f8	f0	8	4	3	55	1	1
85	2016	240	17	19	19	700	0	6.55948638	0	0	0	f8	f0	8	4	3	55	1	1
86	2016	240	17	19	20	700	0	6.56126183	0	0	0	f8	f0	8	4	3	56	1	1
86	2016	240	17	19	21	700	0	6.56302995	0	0	0	f8	f0	8	4	3	56	1	1
86	2016	240	17	19	22	700	0	6.56474131	0	0	0	f8	f0	8	4	3	56	1	1
86	2016	240	17	19	23	700	0	6.56644493	0	0	0	f8	f0	8	4	3	56	1	1
86	2016	240	17	19	24	700	0	6.56813857	0	0	0	f8	f0	8	4	3	56	1	1
86	2016	240	17	19	25	700	0	6.56981721	0	0	0	f8	f0	8	4	3	56	1	1
86	2016	240	17	19	26	700	0	6.57145309	0	0	0	f8	f0	8	4	3	56	1	1
86	2016	240	17	19	27	700	0	6.57309842	0	0	0	f8	f0	8	4	3	56	1	1
86	2016	240	17	19	28	700	0	6.57468226	0	0	0	f8	f0	8	4	3	56	1	1
86	2016	240	17	19	29	700	0	6.57629062	0	0	0	f8	f0	8	4	3	56	1	1
87	2016	240	17	19	30	700	0	6.57787186	0	0	0	f8	f0	8	4	3	57	1	1
87	2016	240	17	19	31	700	0	6.57940526	0	0	0	f8	f0	8	4	3	57	1	1
87	2016	240	17	19	32	700	0	6.58096259	0	0	0	f8	f0	8	4	3	57	1	1
87	2016	240	17	19	33	700	0	6.58246262	0	0	0	f8	f0	8	4	3	57	1	1
87	2016	240	17	19	34	700	0	6.58396324	0	0	0	f8	f0	8	4	3	57	1	1
87	2016	240	17	19	35	700	0	6.58543156	0	0	0	f8	f0	8	4	3	57	1	1
87	2016	240	17	19	36	700	0	6.58687282	0	0	0	f8	f0	8	4	3	57	1	1
87	2016	240	17	19	37	700	0	6.58832342	0	0	0	f8	f0	8	4	3	57	1	1
87	2016	240	17	19	38	700	0	6.58974283	0	0	0	f8	f0	8	4	3	57	1	1
87	2016	240	17	19	39	700	0	6.59113306	0	0	0	f8	f0	8	4	3	57	1	1
88	2016	240	17	19	40	700	0	6.59254468	0	0	0	f8	f0	8	4	3	58	1	1
88	2016	240	17	19	41	700	0	6.59388075	0	0	0	f8	f0	8	4	3	58	1	1
88	2016	240	17	19	42	700	0	6.59523507	0	0	0	f8	f0	8	4	3	58	1	1
88	2016	240	17	19	43	700	0	6.59658419	0	0	0	f8	f0	8	4	3	58	1	1
88	2016	240	17	19	44	700	0	6.59789641	0	0	0	f8	f0	8	4	3	58	1	1
88	2016	240	17	19	45	700	0	6.59918464	0	0	0	f8	f0	8	4	3	58	1	1
88	2016	240	17	19	46	700	0	6.60046088	0	0	0	f8	f0	8	4	3	58	1	1
88	2016	240	17	19	47	700	0	6.60173872	0	0	0	f8	f0	8	4	3	58	1	1
88	2016	240	17	19	48	700	0	6.60297172	0	0	0	f8	f0	8	4	3	58	1	1
88	2016	240	17	19	49	700	0	6.60420585	0	0	0	f8	f0	8	4	3	58	1	1
89	2016	240	17	19	50	700	0	6.60540821	0	0	0	f8	f0	8	4	3	59	1	1
89	2016	240	17	19	51	700	0	6.60662409	0	0	0	f8	f0	8	4	3	59	1	1
89	2016	240	17	19	52	700	0	6.60780246	0	0	0	f8	f0	8	4	3	59	1	1
89	2016	240	17	19	53	700	0	6.60895224	0	0	0	f8	f0	8	4	3	59	1	1
89	2016	240	17	19	54	700	0	6.61011869	0	0	0	f8	f0	8	4	3	59	1	1
89	2016	240	17	19	55	700	0	6.61125542	0	0	0	f8	f0	8	4	3	59	1	1
89	2016	240	17	19	56	700	0	6.61236983	0	0	0	f8	f0	8	4	3	59	1	1
89	2016	240	17	19	57	700	0	6.61347538	0	0	0	f8	f0	8	4	3	59	1	1
89	2016	240	17	19	58	700	0	6.61455694	0	0	0	f8	f0	8	4	3	59	1	1
89	2016	240	17	19	59	700	0	6.61562712	0	0	0	f8	f0	8	4	3	59	1	1
90	2016	240	17	20	0	700	0	6.61669203	0	0	0	f8	f0	8	4	3	005a	1	1
90	2016	240	17	20	1	700	0	6.61773668	0	0	0	f8	f0	8	4	3	005a	1	1
90	2016	240	17	20	2	700	0	6.61876622	0	0	0	f8	f0	8	4	3	005a	1	1
90	2016	240	17	20	3	700	0	6.61978842	0	0	0	f8	f0	8	4	3	005a	1	1
90	2016	240	17	20	4	700	0	6.62080916	0	0	0	f8	f0	8	4	3	005a	1	1
90	2016	240	17	20	5	700	0	6.62173982	0	0	0	f8	f0	8	4	3	005a	1	1
90	2016	240	17	20	6	700	0	6.62271726	0	0	0	f8	f0	8	4	3	005a	1	1
90	2016	240	17	20	7	700	0	6.62371661	0	0	0	f8	f0	8	4	3	005a	1	1
90	2016	240	17	20	8	700	0	6.62464001	0	0	0	f8	f0	8	4	3	005a	1	1
90	2016	240	17	20	9	700	0	6.62556801	0	0	0	f8	f0	8	4	3	005a	1	1
91	2016	240	17	20	10	700	0	6.62647056	0	0	0	f8	f0	8	4	3	005b	1	1
91	2016	240	17	20	11	700	0	6.62740069	0	0	0	f8	f0	8	4	3	005b	1	1
91	2016	240	17	20	12	700	0	6.6282496	0	0	0	f8	f0	8	4	3	005b	1	1
91	2016	240	17	20	13	700	0	6.62914489	0	0	0	f8	f0	8	4	3	005b	1	1
91	2016	240	17	20	14	700	0	6.63001206	0	0	0	f8	f0	8	4	3	005b	1	1
91	2016	240	17	20	15	700	0	6.63086251	0	0	0	f8	f0	8	4	3	005b	1	1
91	2016	240	17	20	16	700	0	6.63172395	0	0	0	f8	f0	8	4	3	005b	1	1
91	2016	240	17	20	17	700	0	6.63250471	0	0	0	f8	f0	8	4	3	005b	1	1
91	2016	240	17	20	18	700	0	6.63330733	0	0	0	f8	f0	8	4	3	005b	1	1
91	2016	240	17	20	19	700	0	6.63410781	0	0	0	f8	f0	8	4	3	005b	1	1
92	2016	240	17	20	20	700	0	6.63489063	0	0	0	f8	f0	8	4	3	005c	1	1
92	2016	240	17	20	21	700	0	6.63569118	0	0	0	f8	f0	8	4	3	005c	1	1
92	2016	240	17	20	22	700	0	6.63645422	0	0	0	f8	f0	8	4	3	005c	1	1
92	2016	240	17	20	23	700	0	6.63717669	0	0	0	f8	f0	8	4	3	005c	1	1
92	2016	240	17	20	24	700	0	6.63788296	0	0	0	f8	f0	8	4	3	005c	1	1
92	2016	240	17	20	25	700	0	6.63861529	0	0	0	f8	f0	8	4	3	005c	1	1
92	2016	240	17	20	26	700	0	6.63932476	0	0	0	f8	f0	8	4	3	005c	1	1
92	2016	240	17	20	27	700	0	6.64003057	0	0	0	f8	f0	8	4	3	005c	1	1
92	2016	240	17	20	28	700	0	6.6407056	0	0	0	f8	f0	8	4	3	005c	1	1
92	2016	240	17	20	29	700	0	6.64140774	0	0	0	f8	f0	8	4	3	005c	1	1
93	2016	240	17	20	30	700	0	6.64206045	0	0	0	f8	f0	8	4	3	005d	1	1
93	2016	240	17	20	31	700	0	6.64277306	0	0	0	f8	f0	8	4	3	005d	1	1
93	2016	240	17	20	32	700	0	6.64335128	0	0	0	f8	f0	8	4	3	005d	1	1
93	2016	240	17	20	33	700	0	6.64400972	0	0	0	f8	f0	8	4	3	005d	1	1
93	2016	240	17	20	34	700	0	6.64464998	0	0	0	f8	f0	8	4	3	005d	1	1
93	2016	240	17	20	35	700	0	6.64524386	0	0	0	f8	f0	8	4	3	005d	1	1
93	2016	240	17	20	36	700	0	6.64580489	0	0	0	f8	f0	8	4	3	005d	1	1
93	2016	240	17	20	37	700	0	6.64639618	0	0	0	f8	f0	8	4	3	005d	1	1
93	2016	240	17	20	38	700	0	6.64699166	0	0	0	f8	f0	8	4	3	005d	1	1
93	2016	240	17	20	39	700	0	6.64756162	0	0	0	f8	f0	8	4	3	005d	1	1
94	2016	240	17	20	40	700	0	6.64810241	0	0	0	f8	f0	8	4	3	005e	1	1
94	2016	240	17	20	41	700	0	6.64866038	0	0	0	f8	f0	8	4	3	005e	1	1
94	2016	240	17	20	42	700	0	6.64920842	0	0	0	f8	f0	8	4	3	005e	1	1
94	2016	240	17	20	43	700	0	6.64973521	0	0	0	f8	f0	8	4	3	005e	1	1
94	2016	240	17	20	44	700	0	6.6502151	0	0	0	f8	f0	8	4	3	005e	1	1
94	2016	240	17	20	45	700	0	6.65071112	0	0	0	f8	f0	8	4	3	005e	1	1
94	2016	240	17	20	46	700	0	6.65120613	0	0	0	f8	f0	8	4	3	005e	1	1
94	2016	240	17	20	47	700	0	6.6517068	0	0	0	f8	f0	8	4	3	005e	1	1
94	2016	240	17	20	48	700	0	6.65216384	0	0	0	f8	f0	8	4	3	005e	1	1
94	2016	240	17	20	49	700	0	6.65258543	0	0	0	f8	f0	8	4	3	005e	1	1
95	2016	240	17	20	50	700	0	6.65308664	0	0	0	f8	f0	8	4	3	005f	1	1
95	2016	240	17	20	51	700	0	6.6535197	0	0	0	f8	f0	8	4	3	005f	1	1
95	2016	240	17	20	52	700	0	6.65393716	0	0	0	f8	f0	8	4	3	005f	1	1
95	2016	240	17	20	53	700	0	6.65438167	0	0	0	f8	f0	8	4	3	005f	1	1
95	2016	240	17	20	54	700	0	6.65476163	0	0	0	f8	f0	8	4	3	005f	1	1
95	2016	240	17	20	55	700	0	6.65519674	0	0	0	f8	f0	8	4	3	005f	1	1
95	2016	240	17	20	56	700	0	6.65557983	0	0	0	f8	f0	8	4	3	005f	1	1
95	2016	240	17	20	57	700	0	6.65596085	0	0	0	f8	f0	8	4	3	005f	1	1
95	2016	240	17	20	58	700	0	6.65631788	0	0	0	f8	f0	8	4	3	005f	1	1
95	2016	240	17	20	59	700	0	6.65671036	0	0	0	f8	f0	8	4	3	005f	1	1
96	2016	240	17	21	0	700	0	6.65708978	0	0	0	f8	f0	8	4	3	60	1	1
96	2016	240	17	21	1	700	0	6.65740525	0	0	0	f8	f0	8	4	3	60	1	1
96	2016	240	17	21	2	700	0	6.65768993	0	0	0	f8	f0	8	4	3	60	1	1
96	2016	240	17	21	3	700	0	6.65809693	0	0	0	f8	f0	8	4	3	60	1	1
96	2016	240	17	21	4	700	0	6.65839987	0	0	0	f8	f0	8	4	3	60	1	1
96	2016	240	17	21	5	700	0	6.65877149	0	0	0	f8	f0	8	4	3	60	1	1
96	2016	240	17	21	6	700	0	6.65903332	0	0	0	f8	f0	8	4	3	60	1	1
96	2016	240	17	21	7	700	0	6.65934352	0	0	0	f8	f0	8	4	3	60	1	1
96	2016	240	17	21	8	700	0	6.65962514	0	0	0	f8	f0	8	4	3	60	1	1
96	2016	240	17	21	9	700	0	6.65988224	0	0	0	f8	f0	8	4	3	60	1	1
97	2016	240	17	21	10	700	0	6.66004567	0	0	0	f8	f0	8	4	3	61	1	1
97	2016	240	17	21	11	700	0	6.66041576	0	0	0	f8	f0	8	4	3	61	1	1
97	2016	240	17	21	12	700	0	6.6607161	0	0	0	f8	f0	8	4	3	61	1	1
97	2016	240	17	21	13	700	0	6.6609696	0	0	0	f8	f0	8	4	3	61	1	1
97	2016	240	17	21	14	700	0	6.66120592	0	0	0	f8	f0	8	4	3	61	1	1
97	2016	240	17	21	15	700	0	6.66142138	0	0	0	f8	f0	8	4	3	61	1	1
97	2016	240	17	21	16	700	0	6.66166182	0	0	0	f8	f0	8	4	3	61	1	1
97	2016	240	17	21	17	700	0	6.66193145	0	0	0	f8	f0	8	4	3	61	1	1
97	2016	240	17	21	18	700	0	6.66214537	0	0	0	f8	f0	8	4	3	61	1	1
97	2016	240	17	21	19	700	0	6.66243685	0	0	0	f8	f0	8	4	3	61	1	1
98	2016	240	17	21	20	700	0	6.66256071	0	0	0	f8	f0	8	4	3	62	1	1
98	2016	240	17	21	21	700	0	6.72699971	0	0	0	f8	f0	8	4	3	62	1	1
98	2016	240	17	21	22	700	0	6.76213064	0	0	0	f8	f0	8	4	3	62	1	1
99	2016	240	17	21	27	0	0	2.97264131	0	0	0	f8	f0	8	4	3	63	1	1
99	2016	240	17	21	28	0	0	2.97267935	0	0	0	f8	f0	8	4	3	63	1	1
99	2016	240	17	21	29	0	0	2.9729026	0	0	0	f8	f0	8	4	3	63	1	1
99	2016	240	17	21	30	0	0	2.9729128	0	0	0	f8	f0	8	4	3	63	1	1
99	2016	240	17	21	31	0	0	2.97294657	0	0	0	f8	f0	8	4	3	63	1	1
99	2016	240	17	21	32	0	0	2.97302492	0	0	0	f8	f0	8	4	3	63	1	1
99	2016	240	17	21	33	0	0	2.97311106	0	0	0	f8	f0	8	4	3	63	1	1
99	2016	240	17	21	34	0	0	2.97312512	0	0	0	f8	f0	8	4	3	63	1	1
99	2016	240	17	21	35	0	0	2.97324591	0	0	0	f8	f0	8	4	3	63	1	1
99	2016	240	17	21	36	0	0	2.97321046	0	0	0	f8	f0	8	4	3	63	1	1
