BkNo	Year	Day	hh	mm	ss	mss	ns	Range (km)	RangCalib(km)	Tv	Dv	TSn	RSn	DTp	STp	SId	BkCt	SRt	InTim
1	2016	240	17	7	40	751	0	2749.043477	0	0	0	f8	f0	8	4	1	1	1	1
1	2016	240	17	7	41	751	0	2742.435302	0	0	0	f8	f0	8	4	1	1	1	1
1	2016	240	17	7	42	751	0	2735.827576	0	0	0	f8	f0	8	4	1	1	1	1
1	2016	240	17	7	43	751	0	2729.221799	0	0	0	f8	f0	8	4	1	1	1	1
1	2016	240	17	7	44	751	0	2722.616622	0	0	0	f8	f0	8	4	1	1	1	1
1	2016	240	17	7	45	751	0	2716.012194	0	0	0	f8	f0	8	4	1	1	1	1
1	2016	240	17	7	46	751	0	2709.408966	0	0	0	f8	f0	8	4	1	1	1	1
1	2016	240	17	7	47	751	0	2702.806786	0	0	0	f8	f0	8	4	1	1	1	1
1	2016	240	17	7	48	751	0	2696.206256	0	0	0	f8	f0	8	4	1	1	1	1
1	2016	240	17	7	49	751	0	2689.606475	0	0	0	f8	f0	8	4	1	1	1	1
2	2016	240	17	7	50	751	0	2683.007143	0	0	0	f8	f0	8	4	1	2	1	1
2	2016	240	17	7	51	751	0	2676.41036	0	0	0	f8	f0	8	4	1	2	1	1
2	2016	240	17	7	52	751	0	2669.813727	0	0	0	f8	f0	8	4	1	2	1	1
2	2016	240	17	7	53	751	0	2663.218443	0	0	0	f8	f0	8	4	1	2	1	1
2	2016	240	17	7	54	751	0	2656.625107	0	0	0	f8	f0	8	4	1	2	1	1
2	2016	240	17	7	55	751	0	2650.032221	0	0	0	f8	f0	8	4	1	2	1	1
2	2016	240	17	7	56	751	0	2643.440984	0	0	0	f8	f0	8	4	1	2	1	1
2	2016	240	17	7	57	751	0	2636.849747	0	0	0	f8	f0	8	4	1	2	1	1
2	2016	240	17	7	58	751	0	2630.261658	0	0	0	f8	f0	8	4	1	2	1	1
2	2016	240	17	7	59	751	0	2623.675218	0	0	0	f8	f0	8	4	1	2	1	1
3	2016	240	17	8	0	751	0	2617.089227	0	0	0	f8	f0	8	4	1	3	1	1
3	2016	240	17	8	1	751	0	2610.504286	0	0	0	f8	f0	8	4	1	3	1	1
3	2016	240	17	8	2	751	0	2603.920244	0	0	0	f8	f0	8	4	1	3	1	1
3	2016	240	17	8	3	751	0	2597.337401	0	0	0	f8	f0	8	4	1	3	1	1
3	2016	240	17	8	4	751	0	2590.756357	0	0	0	f8	f0	8	4	1	3	1	1
3	2016	240	17	8	5	751	0	2584.177711	0	0	0	f8	f0	8	4	1	3	1	1
3	2016	240	17	8	6	751	0	2577.600415	0	0	0	f8	f0	8	4	1	3	1	1
3	2016	240	17	8	7	751	0	2571.023868	0	0	0	f8	f0	8	4	1	3	1	1
3	2016	240	17	8	8	751	0	2564.44792	0	0	0	f8	f0	8	4	1	3	1	1
3	2016	240	17	8	9	751	0	2557.874221	0	0	0	f8	f0	8	4	1	3	1	1
4	2016	240	17	8	10	751	0	2551.30262	0	0	0	f8	f0	8	4	1	4	1	1
4	2016	240	17	8	11	751	0	2544.732069	0	0	0	f8	f0	8	4	1	4	1	1
4	2016	240	17	8	12	751	0	2538.163017	0	0	0	f8	f0	8	4	1	4	1	1
4	2016	240	17	8	13	751	0	2531.596063	0	0	0	f8	f0	8	4	1	4	1	1
4	2016	240	17	8	14	751	0	2525.030158	0	0	0	f8	f0	8	4	1	4	1	1
4	2016	240	17	8	15	751	0	2518.465303	0	0	0	f8	f0	8	4	1	4	1	1
4	2016	240	17	8	16	751	0	2511.903296	0	0	0	f8	f0	8	4	1	4	1	1
4	2016	240	17	8	17	751	0	2505.342488	0	0	0	f8	f0	8	4	1	4	1	1
4	2016	240	17	8	18	751	0	2498.783179	0	0	0	f8	f0	8	4	1	4	1	1
4	2016	240	17	8	19	751	0	2492.224469	0	0	0	f8	f0	8	4	1	4	1	1
5	2016	240	17	8	20	751	0	2485.669657	0	0	0	f8	f0	8	4	1	5	1	1
5	2016	240	17	8	21	751	0	2479.114995	0	0	0	f8	f0	8	4	1	5	1	1
5	2016	240	17	8	22	751	0	2472.563181	0	0	0	f8	f0	8	4	1	5	1	1
5	2016	240	17	8	23	751	0	2466.011816	0	0	0	f8	f0	8	4	1	5	1	1
5	2016	240	17	8	24	751	0	2459.4624	0	0	0	f8	f0	8	4	1	5	1	1
5	2016	240	17	8	25	751	0	2452.915083	0	0	0	f8	f0	8	4	1	5	1	1
5	2016	240	17	8	26	751	0	2446.369864	0	0	0	f8	f0	8	4	1	5	1	1
5	2016	240	17	8	27	751	0	2439.826743	0	0	0	f8	f0	8	4	1	5	1	1
5	2016	240	17	8	28	751	0	2433.285422	0	0	0	f8	f0	8	4	1	5	1	1
5	2016	240	17	8	29	751	0	2426.746049	0	0	0	f8	f0	8	4	1	5	1	1
6	2016	240	17	8	30	751	0	2420.208475	0	0	0	f8	f0	8	4	1	6	1	1
6	2016	240	17	8	31	751	0	2413.6718	0	0	0	f8	f0	8	4	1	6	1	1
6	2016	240	17	8	32	751	0	2407.138423	0	0	0	f8	f0	8	4	1	6	1	1
6	2016	240	17	8	33	751	0	2400.606395	0	0	0	f8	f0	8	4	1	6	1	1
6	2016	240	17	8	34	751	0	2394.075866	0	0	0	f8	f0	8	4	1	6	1	1
6	2016	240	17	8	35	751	0	2387.548185	0	0	0	f8	f0	8	4	1	6	1	1
6	2016	240	17	8	36	751	0	2381.022603	0	0	0	f8	f0	8	4	1	6	1	1
6	2016	240	17	8	37	751	0	2374.49807	0	0	0	f8	f0	8	4	1	6	1	1
6	2016	240	17	8	38	751	0	2367.977734	0	0	0	f8	f0	8	4	1	6	1	1
6	2016	240	17	8	39	751	0	2361.458147	0	0	0	f8	f0	8	4	1	6	1	1
7	2016	240	17	8	40	751	0	2354.940659	0	0	0	f8	f0	8	4	1	7	1	1
7	2016	240	17	8	41	751	0	2348.42497	0	0	0	f8	f0	8	4	1	7	1	1
7	2016	240	17	8	42	751	0	2341.912878	0	0	0	f8	f0	8	4	1	7	1	1
7	2016	240	17	8	43	751	0	2335.401985	0	0	0	f8	f0	8	4	1	7	1	1
7	2016	240	17	8	44	751	0	2328.893641	0	0	0	f8	f0	8	4	1	7	1	1
7	2016	240	17	8	45	751	0	2322.387545	0	0	0	f8	f0	8	4	1	7	1	1
7	2016	240	17	8	46	751	0	2315.883847	0	0	0	f8	f0	8	4	1	7	1	1
7	2016	240	17	8	47	751	0	2309.381949	0	0	0	f8	f0	8	4	1	7	1	1
7	2016	240	17	8	48	751	0	2302.883048	0	0	0	f8	f0	8	4	1	7	1	1
7	2016	240	17	8	49	751	0	2296.385945	0	0	0	f8	f0	8	4	1	7	1	1
8	2016	240	17	8	50	751	0	2289.891392	0	0	0	f8	f0	8	4	1	8	1	1
8	2016	240	17	8	51	751	0	2283.399836	0	0	0	f8	f0	8	4	1	8	1	1
8	2016	240	17	8	52	751	0	2276.910978	0	0	0	f8	f0	8	4	1	8	1	1
8	2016	240	17	8	53	751	0	2270.423769	0	0	0	f8	f0	8	4	1	8	1	1
8	2016	240	17	8	54	751	0	2263.939108	0	0	0	f8	f0	8	4	1	8	1	1
8	2016	240	17	8	55	751	0	2257.456546	0	0	0	f8	f0	8	4	1	8	1	1
8	2016	240	17	8	56	751	0	2250.978181	0	0	0	f8	f0	8	4	1	8	1	1
8	2016	240	17	8	57	751	0	2244.501614	0	0	0	f8	f0	8	4	1	8	1	1
8	2016	240	17	8	58	751	0	2238.027746	0	0	0	f8	f0	8	4	1	8	1	1
8	2016	240	17	8	59	751	0	2231.556726	0	0	0	f8	f0	8	4	1	8	1	1
9	2016	240	17	9	0	751	0	2225.088104	0	0	0	f8	f0	8	4	1	9	1	1
9	2016	240	17	9	1	751	0	2218.62203	0	0	0	f8	f0	8	4	1	9	1	1
9	2016	240	17	9	2	751	0	2212.158355	0	0	0	f8	f0	8	4	1	9	1	1
9	2016	240	17	9	3	751	0	2205.698577	0	0	0	f8	f0	8	4	1	9	1	1
9	2016	240	17	9	4	751	0	2199.241647	0	0	0	f8	f0	8	4	1	9	1	1
9	2016	240	17	9	5	751	0	2192.787265	0	0	0	f8	f0	8	4	1	9	1	1
9	2016	240	17	9	6	751	0	2186.335432	0	0	0	f8	f0	8	4	1	9	1	1
9	2016	240	17	9	7	751	0	2179.886746	0	0	0	f8	f0	8	4	1	9	1	1
9	2016	240	17	9	8	751	0	2173.440759	0	0	0	f8	f0	8	4	1	9	1	1
9	2016	240	17	9	9	751	0	2166.998069	0	0	0	f8	f0	8	4	1	9	1	1
10	2016	240	17	9	10	751	0	2160.558677	0	0	0	f8	f0	8	4	1	000a	1	1
10	2016	240	17	9	11	751	0	2154.121683	0	0	0	f8	f0	8	4	1	000a	1	1
10	2016	240	17	9	12	751	0	2147.688886	0	0	0	f8	f0	8	4	1	000a	1	1
10	2016	240	17	9	13	751	0	2141.258788	0	0	0	f8	f0	8	4	1	000a	1	1
10	2016	240	17	9	14	751	0	2134.831387	0	0	0	f8	f0	8	4	1	000a	1	1
10	2016	240	17	9	15	751	0	2128.407734	0	0	0	f8	f0	8	4	1	000a	1	1
10	2016	240	17	9	16	751	0	2121.987229	0	0	0	f8	f0	8	4	1	000a	1	1
10	2016	240	17	9	17	751	0	2115.569872	0	0	0	f8	f0	8	4	1	000a	1	1
10	2016	240	17	9	18	751	0	2109.155812	0	0	0	f8	f0	8	4	1	000a	1	1
10	2016	240	17	9	19	751	0	2102.746399	0	0	0	f8	f0	8	4	1	000a	1	1
11	2016	240	17	9	20	751	0	2096.338635	0	0	0	f8	f0	8	4	1	000b	1	1
11	2016	240	17	9	21	751	0	2089.934619	0	0	0	f8	f0	8	4	1	000b	1	1
11	2016	240	17	9	22	751	0	2083.5339	0	0	0	f8	f0	8	4	1	000b	1	1
11	2016	240	17	9	23	751	0	2077.137528	0	0	0	f8	f0	8	4	1	000b	1	1
11	2016	240	17	9	24	751	0	2070.744304	0	0	0	f8	f0	8	4	1	000b	1	1
11	2016	240	17	9	25	751	0	2064.354977	0	0	0	f8	f0	8	4	1	000b	1	1
11	2016	240	17	9	26	751	0	2057.969698	0	0	0	f8	f0	8	4	1	000b	1	1
11	2016	240	17	9	27	751	0	2051.588016	0	0	0	f8	f0	8	4	1	000b	1	1
11	2016	240	17	9	28	751	0	2045.209331	0	0	0	f8	f0	8	4	1	000b	1	1
11	2016	240	17	9	29	751	0	2038.834095	0	0	0	f8	f0	8	4	1	000b	1	1
12	2016	240	17	9	30	751	0	2032.463055	0	0	0	f8	f0	8	4	1	000c	1	1
12	2016	240	17	9	31	751	0	2026.096213	0	0	0	f8	f0	8	4	1	000c	1	1
12	2016	240	17	9	32	751	0	2019.732968	0	0	0	f8	f0	8	4	1	000c	1	1
12	2016	240	17	9	33	751	0	2013.373771	0	0	0	f8	f0	8	4	1	000c	1	1
12	2016	240	17	9	34	751	0	2007.01877	0	0	0	f8	f0	8	4	1	000c	1	1
12	2016	240	17	9	35	751	0	2000.667517	0	0	0	f8	f0	8	4	1	000c	1	1
12	2016	240	17	9	36	751	0	1994.32151	0	0	0	f8	f0	8	4	1	000c	1	1
12	2016	240	17	9	37	751	0	1987.978352	0	0	0	f8	f0	8	4	1	000c	1	1
12	2016	240	17	9	38	751	0	1981.63909	0	0	0	f8	f0	8	4	1	000c	1	1
12	2016	240	17	9	39	751	0	1975.304775	0	0	0	f8	f0	8	4	1	000c	1	1
13	2016	240	17	9	40	751	0	1968.974508	0	0	0	f8	f0	8	4	1	000d	1	1
13	2016	240	17	9	41	751	0	1962.649037	0	0	0	f8	f0	8	4	1	000d	1	1
13	2016	240	17	9	42	751	0	1956.327163	0	0	0	f8	f0	8	4	1	000d	1	1
13	2016	240	17	9	43	751	0	1950.010236	0	0	0	f8	f0	8	4	1	000d	1	1
13	2016	240	17	9	44	751	0	1943.697057	0	0	0	f8	f0	8	4	1	000d	1	1
13	2016	240	17	9	45	751	0	1937.389573	0	0	0	f8	f0	8	4	1	000d	1	1
13	2016	240	17	9	46	751	0	1931.086137	0	0	0	f8	f0	8	4	1	000d	1	1
13	2016	240	17	9	47	751	0	1924.787048	0	0	0	f8	f0	8	4	1	000d	1	1
13	2016	240	17	9	48	751	0	1918.491706	0	0	0	f8	f0	8	4	1	000d	1	1
13	2016	240	17	9	49	751	0	1912.20236	0	0	0	f8	f0	8	4	1	000d	1	1
14	2016	240	17	9	50	751	0	1905.918261	0	0	0	f8	f0	8	4	1	000e	1	1
14	2016	240	17	9	51	751	0	1899.638958	0	0	0	f8	f0	8	4	1	000e	1	1
14	2016	240	17	9	52	751	0	1893.363402	0	0	0	f8	f0	8	4	1	000e	1	1
14	2016	240	17	9	53	751	0	1887.093093	0	0	0	f8	f0	8	4	1	000e	1	1
14	2016	240	17	9	54	751	0	1880.82788	0	0	0	f8	f0	8	4	1	000e	1	1
14	2016	240	17	9	55	751	0	1874.567614	0	0	0	f8	f0	8	4	1	000e	1	1
14	2016	240	17	9	56	751	0	1868.313644	0	0	0	f8	f0	8	4	1	000e	1	1
14	2016	240	17	9	57	751	0	1862.063571	0	0	0	f8	f0	8	4	1	000e	1	1
14	2016	240	17	9	58	751	0	1855.819044	0	0	0	f8	f0	8	4	1	000e	1	1
14	2016	240	17	9	59	751	0	1849.580063	0	0	0	f8	f0	8	4	1	000e	1	1
15	2016	240	17	10	0	751	0	1843.346178	0	0	0	f8	f0	8	4	1	000f	1	1
15	2016	240	17	10	1	751	0	1837.11784	0	0	0	f8	f0	8	4	1	000f	1	1
15	2016	240	17	10	2	751	0	1830.895048	0	0	0	f8	f0	8	4	1	000f	1	1
15	2016	240	17	10	3	751	0	1824.677802	0	0	0	f8	f0	8	4	1	000f	1	1
15	2016	240	17	10	4	751	0	1818.465653	0	0	0	f8	f0	8	4	1	000f	1	1
15	2016	240	17	10	5	751	0	1812.260099	0	0	0	f8	f0	8	4	1	000f	1	1
15	2016	240	17	10	6	751	0	1806.059491	0	0	0	f8	f0	8	4	1	000f	1	1
15	2016	240	17	10	7	751	0	1799.86503	0	0	0	f8	f0	8	4	1	000f	1	1
15	2016	240	17	10	8	751	0	1793.676714	0	0	0	f8	f0	8	4	1	000f	1	1
15	2016	240	17	10	9	751	0	1787.494094	0	0	0	f8	f0	8	4	1	000f	1	1
16	2016	240	17	10	10	751	0	1781.31702	0	0	0	f8	f0	8	4	1	10	1	1
16	2016	240	17	10	11	751	0	1775.146992	0	0	0	f8	f0	8	4	1	10	1	1
16	2016	240	17	10	12	751	0	1768.982659	0	0	0	f8	f0	8	4	1	10	1	1
16	2016	240	17	10	13	751	0	1762.824023	0	0	0	f8	f0	8	4	1	10	1	1
16	2016	240	17	10	14	751	0	1756.671982	0	0	0	f8	f0	8	4	1	10	1	1
16	2016	240	17	10	15	751	0	1750.526536	0	0	0	f8	f0	8	4	1	10	1	1
16	2016	240	17	10	16	751	0	1744.387686	0	0	0	f8	f0	8	4	1	10	1	1
16	2016	240	17	10	17	751	0	1738.255281	0	0	0	f8	f0	8	4	1	10	1	1
16	2016	240	17	10	18	751	0	1732.129172	0	0	0	f8	f0	8	4	1	10	1	1
16	2016	240	17	10	19	751	0	1726.009959	0	0	0	f8	f0	8	4	1	10	1	1
17	2016	240	17	10	20	751	0	1719.89779	0	0	0	f8	f0	8	4	1	11	1	1
17	2016	240	17	10	21	751	0	1713.791767	0	0	0	f8	f0	8	4	1	11	1	1
17	2016	240	17	10	22	751	0	1707.692489	0	0	0	f8	f0	8	4	1	11	1	1
17	2016	240	17	10	23	751	0	1701.601007	0	0	0	f8	f0	8	4	1	11	1	1
17	2016	240	17	10	24	751	0	1695.516719	0	0	0	f8	f0	8	4	1	11	1	1
17	2016	240	17	10	25	751	0	1689.439176	0	0	0	f8	f0	8	4	1	11	1	1
17	2016	240	17	10	26	751	0	1683.368978	0	0	0	f8	f0	8	4	1	11	1	1
17	2016	240	17	10	27	751	0	1677.305976	0	0	0	f8	f0	8	4	1	11	1	1
17	2016	240	17	10	28	751	0	1671.250318	0	0	0	f8	f0	8	4	1	11	1	1
17	2016	240	17	10	29	751	0	1665.202605	0	0	0	f8	f0	8	4	1	11	1	1
18	2016	240	17	10	30	751	0	1659.162236	0	0	0	f8	f0	8	4	1	12	1	1
18	2016	240	17	10	31	751	0	1653.128763	0	0	0	f8	f0	8	4	1	12	1	1
18	2016	240	17	10	32	751	0	1647.103834	0	0	0	f8	f0	8	4	1	12	1	1
18	2016	240	17	10	33	751	0	1641.08685	0	0	0	f8	f0	8	4	1	12	1	1
18	2016	240	17	10	34	751	0	1635.07766	0	0	0	f8	f0	8	4	1	12	1	1
18	2016	240	17	10	35	751	0	1629.076864	0	0	0	f8	f0	8	4	1	12	1	1
18	2016	240	17	10	36	751	0	1623.084163	0	0	0	f8	f0	8	4	1	12	1	1
18	2016	240	17	10	37	751	0	1617.099106	0	0	0	f8	f0	8	4	1	12	1	1
18	2016	240	17	10	38	751	0	1611.122743	0	0	0	f8	f0	8	4	1	12	1	1
18	2016	240	17	10	39	751	0	1605.155075	0	0	0	f8	f0	8	4	1	12	1	1
19	2016	240	17	10	40	751	0	1599.1958	0	0	0	f8	f0	8	4	1	13	1	1
19	2016	240	17	10	41	751	0	1593.24507	0	0	0	f8	f0	8	4	1	13	1	1
19	2016	240	17	10	42	751	0	1587.302584	0	0	0	f8	f0	8	4	1	13	1	1
19	2016	240	17	10	43	751	0	1581.369841	0	0	0	f8	f0	8	4	1	13	1	1
19	2016	240	17	10	44	751	0	1575.446242	0	0	0	f8	f0	8	4	1	13	1	1
19	2016	240	17	10	45	751	0	1569.531037	0	0	0	f8	f0	8	4	1	13	1	1
19	2016	240	17	10	46	751	0	1563.625275	0	0	0	f8	f0	8	4	1	13	1	1
19	2016	240	17	10	47	751	0	1557.728807	0	0	0	f8	f0	8	4	1	13	1	1
19	2016	240	17	10	48	751	0	1551.841783	0	0	0	f8	f0	8	4	1	13	1	1
19	2016	240	17	10	49	751	0	1545.964052	0	0	0	f8	f0	8	4	1	13	1	1
20	2016	240	17	10	50	751	0	1540.096364	0	0	0	f8	f0	8	4	1	14	1	1
20	2016	240	17	10	51	751	0	1534.23797	0	0	0	f8	f0	8	4	1	14	1	1
20	2016	240	17	10	52	751	0	1528.389918	0	0	0	f8	f0	8	4	1	14	1	1
20	2016	240	17	10	53	751	0	1522.55176	0	0	0	f8	f0	8	4	1	14	1	1
20	2016	240	17	10	54	751	0	1516.723644	0	0	0	f8	f0	8	4	1	14	1	1
20	2016	240	17	10	55	751	0	1510.906022	0	0	0	f8	f0	8	4	1	14	1	1
20	2016	240	17	10	56	751	0	1505.098293	0	0	0	f8	f0	8	4	1	14	1	1
20	2016	240	17	10	57	751	0	1499.301506	0	0	0	f8	f0	8	4	1	14	1	1
20	2016	240	17	10	58	751	0	1493.514912	0	0	0	f8	f0	8	4	1	14	1	1
20	2016	240	17	10	59	751	0	1487.73926	0	0	0	f8	f0	8	4	1	14	1	1
21	2016	240	17	11	0	751	0	1481.974701	0	0	0	f8	f0	8	4	1	15	1	1
21	2016	240	17	11	1	751	0	1476.221234	0	0	0	f8	f0	8	4	1	15	1	1
21	2016	240	17	11	2	751	0	1470.47796	0	0	0	f8	f0	8	4	1	15	1	1
21	2016	240	17	11	3	751	0	1464.746827	0	0	0	f8	f0	8	4	1	15	1	1
21	2016	240	17	11	4	751	0	1459.026637	0	0	0	f8	f0	8	4	1	15	1	1
21	2016	240	17	11	5	751	0	1453.318889	0	0	0	f8	f0	8	4	1	15	1	1
21	2016	240	17	11	6	751	0	1447.622232	0	0	0	f8	f0	8	4	1	15	1	1
21	2016	240	17	11	7	751	0	1441.937868	0	0	0	f8	f0	8	4	1	15	1	1
21	2016	240	17	11	8	751	0	1436.265644	0	0	0	f8	f0	8	4	1	15	1	1
21	2016	240	17	11	9	751	0	1430.605413	0	0	0	f8	f0	8	4	1	15	1	1
22	2016	240	17	11	10	751	0	1424.957023	0	0	0	f8	f0	8	4	1	16	1	1
22	2016	240	17	11	11	751	0	1419.321075	0	0	0	f8	f0	8	4	1	16	1	1
22	2016	240	17	11	12	751	0	1413.698018	0	0	0	f8	f0	8	4	1	16	1	1
22	2016	240	17	11	13	751	0	1408.088751	0	0	0	f8	f0	8	4	1	16	1	1
22	2016	240	17	11	14	751	0	1402.491026	0	0	0	f8	f0	8	4	1	16	1	1
22	2016	240	17	11	15	751	0	1396.907092	0	0	0	f8	f0	8	4	1	16	1	1
22	2016	240	17	11	16	751	0	1391.336498	0	0	0	f8	f0	8	4	1	16	1	1
22	2016	240	17	11	17	751	0	1385.778796	0	0	0	f8	f0	8	4	1	16	1	1
22	2016	240	17	11	18	751	0	1380.233984	0	0	0	f8	f0	8	4	1	16	1	1
22	2016	240	17	11	19	751	0	1374.704762	0	0	0	f8	f0	8	4	1	16	1	1
23	2016	240	17	11	20	751	0	1369.188581	0	0	0	f8	f0	8	4	1	17	1	1
23	2016	240	17	11	21	751	0	1363.687089	0	0	0	f8	f0	8	4	1	17	1	1
23	2016	240	17	11	22	751	0	1358.199239	0	0	0	f8	f0	8	4	1	17	1	1
23	2016	240	17	11	23	751	0	1352.726078	0	0	0	f8	f0	8	4	1	17	1	1
23	2016	240	17	11	24	751	0	1347.267906	0	0	0	f8	f0	8	4	1	17	1	1
23	2016	240	17	11	25	751	0	1341.824425	0	0	0	f8	f0	8	4	1	17	1	1
23	2016	240	17	11	26	751	0	1336.395783	0	0	0	f8	f0	8	4	1	17	1	1
23	2016	240	17	11	27	751	0	1330.981831	0	0	0	f8	f0	8	4	1	17	1	1
23	2016	240	17	11	28	751	0	1325.584667	0	0	0	f8	f0	8	4	1	17	1	1
23	2016	240	17	11	29	751	0	1320.202343	0	0	0	f8	f0	8	4	1	17	1	1
24	2016	240	17	11	30	751	0	1314.835459	0	0	0	f8	f0	8	4	1	18	1	1
24	2016	240	17	11	31	751	0	1309.485662	0	0	0	f8	f0	8	4	1	18	1	1
24	2016	240	17	11	32	751	0	1304.150856	0	0	0	f8	f0	8	4	1	18	1	1
24	2016	240	17	11	33	751	0	1298.833587	0	0	0	f8	f0	8	4	1	18	1	1
24	2016	240	17	11	34	751	0	1293.531907	0	0	0	f8	f0	8	4	1	18	1	1
24	2016	240	17	11	35	751	0	1288.247315	0	0	0	f8	f0	8	4	1	18	1	1
24	2016	240	17	11	36	751	0	1282.981011	0	0	0	f8	f0	8	4	1	18	1	1
24	2016	240	17	11	37	751	0	1277.731195	0	0	0	f8	f0	8	4	1	18	1	1
24	2016	240	17	11	38	751	0	1272.498318	0	0	0	f8	f0	8	4	1	18	1	1
24	2016	240	17	11	39	751	0	1267.284028	0	0	0	f8	f0	8	4	1	18	1	1
25	2016	240	17	11	40	751	0	1262.087725	0	0	0	f8	f0	8	4	1	19	1	1
25	2016	240	17	11	41	751	0	1256.90911	0	0	0	f8	f0	8	4	1	19	1	1
25	2016	240	17	11	42	751	0	1251.749232	0	0	0	f8	f0	8	4	1	19	1	1
25	2016	240	17	11	43	751	0	1246.608691	0	0	0	f8	f0	8	4	1	19	1	1
25	2016	240	17	11	44	751	0	1241.486137	0	0	0	f8	f0	8	4	1	19	1	1
25	2016	240	17	11	45	751	0	1236.38292	0	0	0	f8	f0	8	4	1	19	1	1
25	2016	240	17	11	46	751	0	1231.29919	0	0	0	f8	f0	8	4	1	19	1	1
25	2016	240	17	11	47	751	0	1226.234796	0	0	0	f8	f0	8	4	1	19	1	1
25	2016	240	17	11	48	751	0	1221.190188	0	0	0	f8	f0	8	4	1	19	1	1
25	2016	240	17	11	49	751	0	1216.166566	0	0	0	f8	f0	8	4	1	19	1	1
26	2016	240	17	11	50	751	0	1211.16258	0	0	0	f8	f0	8	4	1	001a	1	1
26	2016	240	17	11	51	751	0	1206.17898	0	0	0	f8	f0	8	4	1	001a	1	1
26	2016	240	17	11	52	751	0	1201.216665	0	0	0	f8	f0	8	4	1	001a	1	1
26	2016	240	17	11	53	751	0	1196.275336	0	0	0	f8	f0	8	4	1	001a	1	1
26	2016	240	17	11	54	751	0	1191.355742	0	0	0	f8	f0	8	4	1	001a	1	1
26	2016	240	17	11	55	751	0	1186.457583	0	0	0	f8	f0	8	4	1	001a	1	1
26	2016	240	17	11	56	751	0	1181.581608	0	0	0	f8	f0	8	4	1	001a	1	1
26	2016	240	17	11	57	751	0	1176.727519	0	0	0	f8	f0	8	4	1	001a	1	1
26	2016	240	17	11	58	751	0	1171.896513	0	0	0	f8	f0	8	4	1	001a	1	1
26	2016	240	17	11	59	751	0	1167.087692	0	0	0	f8	f0	8	4	1	001a	1	1
27	2016	240	17	12	0	751	0	1162.302255	0	0	0	f8	f0	8	4	1	001b	1	1
27	2016	240	17	12	1	751	0	1157.540802	0	0	0	f8	f0	8	4	1	001b	1	1
27	2016	240	17	12	2	751	0	1152.802582	0	0	0	f8	f0	8	4	1	001b	1	1
27	2016	240	17	12	3	751	0	1148.088645	0	0	0	f8	f0	8	4	1	001b	1	1
27	2016	240	17	12	4	751	0	1143.397942	0	0	0	f8	f0	8	4	1	001b	1	1
27	2016	240	17	12	5	751	0	1138.732722	0	0	0	f8	f0	8	4	1	001b	1	1
27	2016	240	17	12	6	751	0	1134.092235	0	0	0	f8	f0	8	4	1	001b	1	1
27	2016	240	17	12	7	751	0	1129.47693	0	0	0	f8	f0	8	4	1	001b	1	1
27	2016	240	17	12	8	751	0	1124.887257	0	0	0	f8	f0	8	4	1	001b	1	1
27	2016	240	17	12	9	751	0	1120.323517	0	0	0	f8	f0	8	4	1	001b	1	1
28	2016	240	17	12	10	751	0	1115.785858	0	0	0	f8	f0	8	4	1	001c	1	1
28	2016	240	17	12	11	751	0	1111.274881	0	0	0	f8	f0	8	4	1	001c	1	1
28	2016	240	17	12	12	751	0	1106.790735	0	0	0	f8	f0	8	4	1	001c	1	1
28	2016	240	17	12	13	751	0	1102.333421	0	0	0	f8	f0	8	4	1	001c	1	1
28	2016	240	17	12	14	751	0	1097.904137	0	0	0	f8	f0	8	4	1	001c	1	1
28	2016	240	17	12	15	751	0	1093.502434	0	0	0	f8	f0	8	4	1	001c	1	1
28	2016	240	17	12	16	751	0	1089.129512	0	0	0	f8	f0	8	4	1	001c	1	1
28	2016	240	17	12	17	751	0	1084.78462	0	0	0	f8	f0	8	4	1	001c	1	1
28	2016	240	17	12	18	751	0	1080.468508	0	0	0	f8	f0	8	4	1	001c	1	1
28	2016	240	17	12	19	751	0	1076.182075	0	0	0	f8	f0	8	4	1	001c	1	1
29	2016	240	17	12	20	751	0	1071.925022	0	0	0	f8	f0	8	4	1	001d	1	1
29	2016	240	17	12	21	751	0	1067.697799	0	0	0	f8	f0	8	4	1	001d	1	1
29	2016	240	17	12	22	751	0	1063.500704	0	0	0	f8	f0	8	4	1	001d	1	1
29	2016	240	17	12	23	751	0	1059.334788	0	0	0	f8	f0	8	4	1	001d	1	1
29	2016	240	17	12	24	751	0	1055.199751	0	0	0	f8	f0	8	4	1	001d	1	1
29	2016	240	17	12	25	751	0	1051.096192	0	0	0	f8	f0	8	4	1	001d	1	1
29	2016	240	17	12	26	751	0	1047.024261	0	0	0	f8	f0	8	4	1	001d	1	1
29	2016	240	17	12	27	751	0	1042.984557	0	0	0	f8	f0	8	4	1	001d	1	1
29	2016	240	17	12	28	751	0	1038.977531	0	0	0	f8	f0	8	4	1	001d	1	1
29	2016	240	17	12	29	751	0	1035.003033	0	0	0	f8	f0	8	4	1	001d	1	1
30	2016	240	17	12	30	751	0	1031.062111	0	0	0	f8	f0	8	4	1	001e	1	1
30	2016	240	17	12	31	751	0	1027.155066	0	0	0	f8	f0	8	4	1	001e	1	1
30	2016	240	17	12	32	751	0	1023.282197	0	0	0	f8	f0	8	4	1	001e	1	1
30	2016	240	17	12	33	751	0	1019.443354	0	0	0	f8	f0	8	4	1	001e	1	1
30	2016	240	17	12	34	751	0	1015.639588	0	0	0	f8	f0	8	4	1	001e	1	1
30	2016	240	17	12	35	751	0	1011.871346	0	0	0	f8	f0	8	4	1	001e	1	1
30	2016	240	17	12	36	751	0	1008.13893	0	0	0	f8	f0	8	4	1	001e	1	1
30	2016	240	17	12	37	751	0	1004.442339	0	0	0	f8	f0	8	4	1	001e	1	1
30	2016	240	17	12	38	751	0	1000.782173	0	0	0	f8	f0	8	4	1	001e	1	1
30	2016	240	17	12	39	751	0	997.1585819	0	0	0	f8	f0	8	4	1	001e	1	1
31	2016	240	17	12	40	751	0	993.5727643	0	0	0	f8	f0	8	4	1	001f	1	1
31	2016	240	17	12	41	751	0	990.0250203	0	0	0	f8	f0	8	4	1	001f	1	1
31	2016	240	17	12	42	751	0	986.5150502	0	0	0	f8	f0	8	4	1	001f	1	1
31	2016	240	17	12	43	751	0	983.0434536	0	0	0	f8	f0	8	4	1	001f	1	1
31	2016	240	17	12	44	751	0	979.6111297	0	0	0	f8	f0	8	4	1	001f	1	1
31	2016	240	17	12	45	751	0	976.2185284	0	0	0	f8	f0	8	4	1	001f	1	1
31	2016	240	17	12	46	751	0	972.8657994	0	0	0	f8	f0	8	4	1	001f	1	1
31	2016	240	17	12	47	751	0	969.5532426	0	0	0	f8	f0	8	4	1	001f	1	1
31	2016	240	17	12	48	751	0	966.2816076	0	0	0	f8	f0	8	4	1	001f	1	1
31	2016	240	17	12	49	751	0	963.0511939	0	0	0	f8	f0	8	4	1	001f	1	1
32	2016	240	17	12	50	751	0	959.861702	0	0	0	f8	f0	8	4	1	20	1	1
32	2016	240	17	12	51	751	0	956.7137313	0	0	0	f8	f0	8	4	1	20	1	1
32	2016	240	17	12	52	751	0	953.6086309	0	0	0	f8	f0	8	4	1	20	1	1
32	2016	240	17	12	53	751	0	950.5462509	0	0	0	f8	f0	8	4	1	20	1	1
32	2016	240	17	12	54	751	0	947.5267413	0	0	0	f8	f0	8	4	1	20	1	1
32	2016	240	17	12	55	751	0	944.5508514	0	0	0	f8	f0	8	4	1	20	1	1
32	2016	240	17	12	56	751	0	941.619181	0	0	0	f8	f0	8	4	1	20	1	1
32	2016	240	17	12	57	751	0	938.7320297	0	0	0	f8	f0	8	4	1	20	1	1
32	2016	240	17	12	58	751	0	935.8892477	0	0	0	f8	f0	8	4	1	20	1	1
32	2016	240	17	12	59	751	0	933.0917344	0	0	0	f8	f0	8	4	1	20	1	1
33	2016	240	17	13	0	751	0	930.3399395	0	0	0	f8	f0	8	4	1	21	1	1
33	2016	240	17	13	1	751	0	927.6337129	0	0	0	f8	f0	8	4	1	21	1	1
33	2016	240	17	13	2	751	0	924.974254	0	0	0	f8	f0	8	4	1	21	1	1
33	2016	240	17	13	3	751	0	922.361263	0	0	0	f8	f0	8	4	1	21	1	1
33	2016	240	17	13	4	751	0	919.7959389	0	0	0	f8	f0	8	4	1	21	1	1
33	2016	240	17	13	5	751	0	917.2785816	0	0	0	f8	f0	8	4	1	21	1	1
33	2016	240	17	13	6	751	0	914.8093411	0	0	0	f8	f0	8	4	1	21	1	1
33	2016	240	17	13	7	751	0	912.3877675	0	0	0	f8	f0	8	4	1	21	1	1
33	2016	240	17	13	8	751	0	910.0153599	0	0	0	f8	f0	8	4	1	21	1	1
33	2016	240	17	13	9	751	0	907.6925679	0	0	0	f8	f0	8	4	1	21	1	1
34	2016	240	17	13	10	751	0	905.4190918	0	0	0	f8	f0	8	4	1	22	1	1
34	2016	240	17	13	11	751	0	903.1961307	0	0	0	f8	f0	8	4	1	22	1	1
34	2016	240	17	13	12	751	0	901.0235348	0	0	0	f8	f0	8	4	1	22	1	1
34	2016	240	17	13	13	751	0	898.9011541	0	0	0	f8	f0	8	4	1	22	1	1
34	2016	240	17	13	14	751	0	896.8301878	0	0	0	f8	f0	8	4	1	22	1	1
34	2016	240	17	13	15	751	0	894.8103361	0	0	0	f8	f0	8	4	1	22	1	1
34	2016	240	17	13	16	751	0	892.8426483	0	0	0	f8	f0	8	4	1	22	1	1
34	2016	240	17	13	17	751	0	890.9268246	0	0	0	f8	f0	8	4	1	22	1	1
34	2016	240	17	13	18	751	0	889.0634646	0	0	0	f8	f0	8	4	1	22	1	1
34	2016	240	17	13	19	751	0	887.2530179	0	0	0	f8	f0	8	4	1	22	1	1
35	2016	240	17	13	20	751	0	885.4960842	0	0	0	f8	f0	8	4	1	23	1	1
35	2016	240	17	13	21	751	0	883.7920639	0	0	0	f8	f0	8	4	1	23	1	1
35	2016	240	17	13	22	751	0	882.1420062	0	0	0	f8	f0	8	4	1	23	1	1
35	2016	240	17	13	23	751	0	880.5459111	0	0	0	f8	f0	8	4	1	23	1	1
35	2016	240	17	13	24	751	0	879.0043783	0	0	0	f8	f0	8	4	1	23	1	1
35	2016	240	17	13	25	751	0	877.5177075	0	0	0	f8	f0	8	4	1	23	1	1
35	2016	240	17	13	26	751	0	876.0858987	0	0	0	f8	f0	8	4	1	23	1	1
35	2016	240	17	13	27	751	0	874.7095516	0	0	0	f8	f0	8	4	1	23	1	1
35	2016	240	17	13	28	751	0	873.3883662	0	0	0	f8	f0	8	4	1	23	1	1
35	2016	240	17	13	29	751	0	872.1227923	0	0	0	f8	f0	8	4	1	23	1	1
36	2016	240	17	13	30	751	0	870.9134296	0	0	0	f8	f0	8	4	1	24	1	1
36	2016	240	17	13	31	751	0	869.7599781	0	0	0	f8	f0	8	4	1	24	1	1
36	2016	240	17	13	32	751	0	868.6633373	0	0	0	f8	f0	8	4	1	24	1	1
36	2016	240	17	13	33	751	0	867.6232073	0	0	0	f8	f0	8	4	1	24	1	1
36	2016	240	17	13	34	751	0	866.640038	0	0	0	f8	f0	8	4	1	24	1	1
36	2016	240	17	13	35	751	0	865.7135294	0	0	0	f8	f0	8	4	1	24	1	1
36	2016	240	17	13	36	751	0	864.8439814	0	0	0	f8	f0	8	4	1	24	1	1
36	2016	240	17	13	37	751	0	864.0322933	0	0	0	f8	f0	8	4	1	24	1	1
36	2016	240	17	13	38	751	0	863.2784651	0	0	0	f8	f0	8	4	1	24	1	1
36	2016	240	17	13	39	751	0	862.5823471	0	0	0	f8	f0	8	4	1	24	1	1
37	2016	240	17	13	40	751	0	861.9440889	0	0	0	f8	f0	8	4	1	25	1	1
37	2016	240	17	13	41	751	0	861.3633909	0	0	0	f8	f0	8	4	1	25	1	1
37	2016	240	17	13	42	751	0	860.8408527	0	0	0	f8	f0	8	4	1	25	1	1
37	2016	240	17	13	43	751	0	860.376624	0	0	0	f8	f0	8	4	1	25	1	1
37	2016	240	17	13	44	751	0	859.9704053	0	0	0	f8	f0	8	4	1	25	1	1
37	2016	240	17	13	45	751	0	859.6230957	0	0	0	f8	f0	8	4	1	25	1	1
37	2016	240	17	13	46	751	0	859.3327467	0	0	0	f8	f0	8	4	1	25	1	1
37	2016	240	17	13	47	751	0	859.1019065	0	0	0	f8	f0	8	4	1	25	1	1
37	2016	240	17	13	48	751	0	858.9304252	0	0	0	f8	f0	8	4	1	25	1	1
37	2016	240	17	13	49	751	0	858.8172536	0	0	0	f8	f0	8	4	1	25	1	1
38	2016	240	17	13	50	751	0	858.7625415	0	0	0	f8	f0	8	4	1	26	1	1
38	2016	240	17	13	51	751	0	858.7670383	0	0	0	f8	f0	8	4	1	26	1	1
38	2016	240	17	13	52	751	0	858.8298449	0	0	0	f8	f0	8	4	1	26	1	1
38	2016	240	17	13	53	751	0	858.9512608	0	0	0	f8	f0	8	4	1	26	1	1
38	2016	240	17	13	54	751	0	859.1312862	0	0	0	f8	f0	8	4	1	26	1	1
38	2016	240	17	13	55	751	0	859.369921	0	0	0	f8	f0	8	4	1	26	1	1
38	2016	240	17	13	56	751	0	859.6668654	0	0	0	f8	f0	8	4	1	26	1	1
38	2016	240	17	13	57	751	0	860.0224193	0	0	0	f8	f0	8	4	1	26	1	1
38	2016	240	17	13	58	751	0	860.4361328	0	0	0	f8	f0	8	4	1	26	1	1
38	2016	240	17	13	59	751	0	860.9090555	0	0	0	f8	f0	8	4	1	26	1	1
39	2016	240	17	14	0	751	0	861.4395382	0	0	0	f8	f0	8	4	1	27	1	1
39	2016	240	17	14	1	751	0	862.0287803	0	0	0	f8	f0	8	4	1	27	1	1
39	2016	240	17	14	2	751	0	862.6769316	0	0	0	f8	f0	8	4	1	27	1	1
39	2016	240	17	14	3	751	0	863.3820434	0	0	0	f8	f0	8	4	1	27	1	1
39	2016	240	17	14	4	751	0	864.1444157	0	0	0	f8	f0	8	4	1	27	1	1
39	2016	240	17	14	5	751	0	864.9644979	0	0	0	f8	f0	8	4	1	27	1	1
39	2016	240	17	14	6	751	0	865.84259	0	0	0	f8	f0	8	4	1	27	1	1
39	2016	240	17	14	7	751	0	866.7770431	0	0	0	f8	f0	8	4	1	27	1	1
39	2016	240	17	14	8	751	0	867.7684568	0	0	0	f8	f0	8	4	1	27	1	1
39	2016	240	17	14	9	751	0	868.8171308	0	0	0	f8	f0	8	4	1	27	1	1
40	2016	240	17	14	10	751	0	869.9223157	0	0	0	f8	f0	8	4	1	28	1	1
40	2016	240	17	14	11	751	0	871.0844612	0	0	0	f8	f0	8	4	1	28	1	1
40	2016	240	17	14	12	751	0	872.302368	0	0	0	f8	f0	8	4	1	28	1	1
40	2016	240	17	14	13	751	0	873.5760363	0	0	0	f8	f0	8	4	1	28	1	1
40	2016	240	17	14	14	751	0	874.905316	0	0	0	f8	f0	8	4	1	28	1	1
40	2016	240	17	14	15	751	0	876.2900574	0	0	0	f8	f0	8	4	1	28	1	1
40	2016	240	17	14	16	751	0	877.7305602	0	0	0	f8	f0	8	4	1	28	1	1
40	2016	240	17	14	17	751	0	879.2253254	0	0	0	f8	f0	8	4	1	28	1	1
40	2016	240	17	14	18	751	0	880.7749526	0	0	0	f8	f0	8	4	1	28	1	1
40	2016	240	17	14	19	751	0	882.3786923	0	0	0	f8	f0	8	4	1	28	1	1
41	2016	240	17	14	20	751	0	884.0362448	0	0	0	f8	f0	8	4	1	29	1	1
41	2016	240	17	14	21	751	0	885.7476101	0	0	0	f8	f0	8	4	1	29	1	1
41	2016	240	17	14	22	751	0	887.5126382	0	0	0	f8	f0	8	4	1	29	1	1
41	2016	240	17	14	23	751	0	889.3307295	0	0	0	f8	f0	8	4	1	29	1	1
41	2016	240	17	14	24	751	0	891.2014345	0	0	0	f8	f0	8	4	1	29	1	1
41	2016	240	17	14	25	751	0	893.124753	0	0	0	f8	f0	8	4	1	29	1	1
41	2016	240	17	14	26	751	0	895.1005352	0	0	0	f8	f0	8	4	1	29	1	1
41	2016	240	17	14	27	751	0	897.1278817	0	0	0	f8	f0	8	4	1	29	1	1
41	2016	240	17	14	28	751	0	899.2061929	0	0	0	f8	f0	8	4	1	29	1	1
41	2016	240	17	14	29	751	0	901.3360684	0	0	0	f8	f0	8	4	1	29	1	1
42	2016	240	17	14	30	751	0	903.5166089	0	0	0	f8	f0	8	4	1	002a	1	1
42	2016	240	17	14	31	751	0	905.7478142	0	0	0	f8	f0	8	4	1	002a	1	1
42	2016	240	17	14	32	751	0	908.0284853	0	0	0	f8	f0	8	4	1	002a	1	1
42	2016	240	17	14	33	751	0	910.3581725	0	0	0	f8	f0	8	4	1	002a	1	1
42	2016	240	17	14	34	751	0	912.7371756	0	0	0	f8	f0	8	4	1	002a	1	1
42	2016	240	17	14	35	751	0	915.1656444	0	0	0	f8	f0	8	4	1	002a	1	1
42	2016	240	17	14	36	751	0	917.6426796	0	0	0	f8	f0	8	4	1	002a	1	1
42	2016	240	17	14	37	751	0	920.1673818	0	0	0	f8	f0	8	4	1	002a	1	1
42	2016	240	17	14	38	751	0	922.739751	0	0	0	f8	f0	8	4	1	002a	1	1
42	2016	240	17	14	39	751	0	925.3593375	0	0	0	f8	f0	8	4	1	002a	1	1
43	2016	240	17	14	40	751	0	928.0259914	0	0	0	f8	f0	8	4	1	002b	1	1
43	2016	240	17	14	41	751	0	930.7385135	0	0	0	f8	f0	8	4	1	002b	1	1
43	2016	240	17	14	42	751	0	933.4972037	0	0	0	f8	f0	8	4	1	002b	1	1
43	2016	240	17	14	43	751	0	936.3011626	0	0	0	f8	f0	8	4	1	002b	1	1
43	2016	240	17	14	44	751	0	939.1511396	0	0	0	f8	f0	8	4	1	002b	1	1
43	2016	240	17	14	45	751	0	942.0451861	0	0	0	f8	f0	8	4	1	002b	1	1
43	2016	240	17	14	46	751	0	944.9846511	0	0	0	f8	f0	8	4	1	002b	1	1
43	2016	240	17	14	47	751	0	947.9668366	0	0	0	f8	f0	8	4	1	002b	1	1
43	2016	240	17	14	48	751	0	950.9929417	0	0	0	f8	f0	8	4	1	002b	1	1
43	2016	240	17	14	49	751	0	954.0623668	0	0	0	f8	f0	8	4	1	002b	1	1
44	2016	240	17	14	50	751	0	957.1740626	0	0	0	f8	f0	8	4	1	002c	1	1
44	2016	240	17	14	51	751	0	960.3278792	0	0	0	f8	f0	8	4	1	002c	1	1
44	2016	240	17	14	52	751	0	963.5235169	0	0	0	f8	f0	8	4	1	002c	1	1
44	2016	240	17	14	53	751	0	966.7608258	0	0	0	f8	f0	8	4	1	002c	1	1
44	2016	240	17	14	54	751	0	970.0392062	0	0	0	f8	f0	8	4	1	002c	1	1
44	2016	240	17	14	55	751	0	973.3576089	0	0	0	f8	f0	8	4	1	002c	1	1
44	2016	240	17	14	56	751	0	976.7163337	0	0	0	f8	f0	8	4	1	002c	1	1
44	2016	240	17	14	57	751	0	980.1161301	0	0	0	f8	f0	8	4	1	002c	1	1
44	2016	240	17	14	58	751	0	983.555649	0	0	0	f8	f0	8	4	1	002c	1	1
44	2016	240	17	14	59	751	0	987.0332415	0	0	0	f8	f0	8	4	1	002c	1	1
45	2016	240	17	15	0	751	0	990.5499569	0	0	0	f8	f0	8	4	1	002d	1	1
45	2016	240	17	15	1	751	0	994.1048959	0	0	0	f8	f0	8	4	1	002d	1	1
45	2016	240	17	15	2	751	0	997.6988079	0	0	0	f8	f0	8	4	1	002d	1	1
45	2016	240	17	15	3	751	0	1001.329444	0	0	0	f8	f0	8	4	1	002d	1	1
45	2016	240	17	15	4	751	0	1004.996056	0	0	0	f8	f0	8	4	1	002d	1	1
45	2016	240	17	15	5	751	0	1008.698943	0	0	0	f8	f0	8	4	1	002d	1	1
45	2016	240	17	15	6	751	0	1012.438104	0	0	0	f8	f0	8	4	1	002d	1	1
45	2016	240	17	15	7	751	0	1016.21354	0	0	0	f8	f0	8	4	1	002d	1	1
45	2016	240	17	15	8	751	0	1020.024052	0	0	0	f8	f0	8	4	1	002d	1	1
45	2016	240	17	15	9	751	0	1023.869041	0	0	0	f8	f0	8	4	1	002d	1	1
46	2016	240	17	15	10	751	0	1027.747755	0	0	0	f8	f0	8	4	1	002e	1	1
46	2016	240	17	15	11	751	0	1031.661096	0	0	0	f8	f0	8	4	1	002e	1	1
46	2016	240	17	15	12	751	0	1035.608613	0	0	0	f8	f0	8	4	1	002e	1	1
46	2016	240	17	15	13	751	0	1039.589108	0	0	0	f8	f0	8	4	1	002e	1	1
46	2016	240	17	15	14	751	0	1043.602729	0	0	0	f8	f0	8	4	1	002e	1	1
46	2016	240	17	15	15	751	0	1047.649478	0	0	0	f8	f0	8	4	1	002e	1	1
46	2016	240	17	15	16	751	0	1051.727405	0	0	0	f8	f0	8	4	1	002e	1	1
46	2016	240	17	15	17	751	0	1055.837259	0	0	0	f8	f0	8	4	1	002e	1	1
46	2016	240	17	15	18	751	0	1059.978293	0	0	0	f8	f0	8	4	1	002e	1	1
46	2016	240	17	15	19	751	0	1064.151104	0	0	0	f8	f0	8	4	1	002e	1	1
47	2016	240	17	15	20	751	0	1068.353744	0	0	0	f8	f0	8	4	1	002f	1	1
47	2016	240	17	15	21	751	0	1072.587414	0	0	0	f8	f0	8	4	1	002f	1	1
47	2016	240	17	15	22	751	0	1076.850612	0	0	0	f8	f0	8	4	1	002f	1	1
47	2016	240	17	15	23	751	0	1081.14334	0	0	0	f8	f0	8	4	1	002f	1	1
47	2016	240	17	15	24	751	0	1085.464849	0	0	0	f8	f0	8	4	1	002f	1	1
47	2016	240	17	15	25	751	0	1089.815137	0	0	0	f8	f0	8	4	1	002f	1	1
47	2016	240	17	15	26	751	0	1094.194505	0	0	0	f8	f0	8	4	1	002f	1	1
47	2016	240	17	15	27	751	0	1098.601904	0	0	0	f8	f0	8	4	1	002f	1	1
47	2016	240	17	15	28	751	0	1103.037184	0	0	0	f8	f0	8	4	1	002f	1	1
47	2016	240	17	15	29	751	0	1107.499444	0	0	0	f8	f0	8	4	1	002f	1	1
48	2016	240	17	15	30	751	0	1111.989286	0	0	0	f8	f0	8	4	1	30	1	1
48	2016	240	17	15	31	751	0	1116.50581	0	0	0	f8	f0	8	4	1	30	1	1
48	2016	240	17	15	32	751	0	1121.048715	0	0	0	f8	f0	8	4	1	30	1	1
48	2016	240	17	15	33	751	0	1125.618301	0	0	0	f8	f0	8	4	1	30	1	1
48	2016	240	17	15	34	751	0	1130.21367	0	0	0	f8	f0	8	4	1	30	1	1
48	2016	240	17	15	35	751	0	1134.834671	0	0	0	f8	f0	8	4	1	30	1	1
48	2016	240	17	15	36	751	0	1139.480405	0	0	0	f8	f0	8	4	1	30	1	1
48	2016	240	17	15	37	751	0	1144.150871	0	0	0	f8	f0	8	4	1	30	1	1
48	2016	240	17	15	38	751	0	1148.846221	0	0	0	f8	f0	8	4	1	30	1	1
48	2016	240	17	15	39	751	0	1153.566153	0	0	0	f8	f0	8	4	1	30	1	1
49	2016	240	17	15	40	751	0	1158.309769	0	0	0	f8	f0	8	4	1	31	1	1
49	2016	240	17	15	41	751	0	1163.077219	0	0	0	f8	f0	8	4	1	31	1	1
49	2016	240	17	15	42	751	0	1167.867453	0	0	0	f8	f0	8	4	1	31	1	1
49	2016	240	17	15	43	751	0	1172.68107	0	0	0	f8	f0	8	4	1	31	1	1
49	2016	240	17	15	44	751	0	1177.517172	0	0	0	f8	f0	8	4	1	31	1	1
49	2016	240	17	15	45	751	0	1182.376358	0	0	0	f8	f0	8	4	1	31	1	1
49	2016	240	17	15	46	751	0	1187.258179	0	0	0	f8	f0	8	4	1	31	1	1
49	2016	240	17	15	47	751	0	1192.161284	0	0	0	f8	f0	8	4	1	31	1	1
49	2016	240	17	15	48	751	0	1197.086125	0	0	0	f8	f0	8	4	1	31	1	1
49	2016	240	17	15	49	751	0	1202.032101	0	0	0	f8	f0	8	4	1	31	1	1
50	2016	240	17	15	50	751	0	1206.999212	0	0	0	f8	f0	8	4	1	32	1	1
50	2016	240	17	15	51	751	0	1211.987159	0	0	0	f8	f0	8	4	1	32	1	1
50	2016	240	17	15	52	751	0	1216.996092	0	0	0	f8	f0	8	4	1	32	1	1
50	2016	240	17	15	53	751	0	1222.02526	0	0	0	f8	f0	8	4	1	32	1	1
50	2016	240	17	15	54	751	0	1227.074814	0	0	0	f8	f0	8	4	1	32	1	1
50	2016	240	17	15	55	751	0	1232.144155	0	0	0	f8	f0	8	4	1	32	1	1
50	2016	240	17	15	56	751	0	1237.233581	0	0	0	f8	f0	8	4	1	32	1	1
50	2016	240	17	15	57	751	0	1242.343244	0	0	0	f8	f0	8	4	1	32	1	1
50	2016	240	17	15	58	751	0	1247.471194	0	0	0	f8	f0	8	4	1	32	1	1
50	2016	240	17	15	59	751	0	1252.617881	0	0	0	f8	f0	8	4	1	32	1	1
51	2016	240	17	16	0	751	0	1257.783155	0	0	0	f8	f0	8	4	1	33	1	1
51	2016	240	17	16	1	751	0	1262.968815	0	0	0	f8	f0	8	4	1	33	1	1
51	2016	240	17	16	2	751	0	1268.172163	0	0	0	f8	f0	8	4	1	33	1	1
51	2016	240	17	16	3	751	0	1273.392299	0	0	0	f8	f0	8	4	1	33	1	1
51	2016	240	17	16	4	751	0	1278.630123	0	0	0	f8	f0	8	4	1	33	1	1
51	2016	240	17	16	5	751	0	1283.884735	0	0	0	f8	f0	8	4	1	33	1	1
51	2016	240	17	16	6	751	0	1289.157335	0	0	0	f8	f0	8	4	1	33	1	1
51	2016	240	17	16	7	751	0	1294.446724	0	0	0	f8	f0	8	4	1	33	1	1
51	2016	240	17	16	8	751	0	1299.7535	0	0	0	f8	f0	8	4	1	33	1	1
51	2016	240	17	16	9	751	0	1305.076765	0	0	0	f8	f0	8	4	1	33	1	1
52	2016	240	17	16	10	751	0	1310.416518	0	0	0	f8	f0	8	4	1	34	1	1
52	2016	240	17	16	11	751	0	1315.77216	0	0	0	f8	f0	8	4	1	34	1	1
52	2016	240	17	16	12	751	0	1321.144141	0	0	0	f8	f0	8	4	1	34	1	1
52	2016	240	17	16	13	751	0	1326.531712	0	0	0	f8	f0	8	4	1	34	1	1
52	2016	240	17	16	14	751	0	1331.934721	0	0	0	f8	f0	8	4	1	34	1	1
52	2016	240	17	16	15	751	0	1337.35332	0	0	0	f8	f0	8	4	1	34	1	1
52	2016	240	17	16	16	751	0	1342.787808	0	0	0	f8	f0	8	4	1	34	1	1
52	2016	240	17	16	17	751	0	1348.237585	0	0	0	f8	f0	8	4	1	34	1	1
52	2016	240	17	16	18	751	0	1353.700703	0	0	0	f8	f0	8	4	1	34	1	1
52	2016	240	17	16	19	751	0	1359.17926	0	0	0	f8	f0	8	4	1	34	1	1
53	2016	240	17	16	20	751	0	1364.672207	0	0	0	f8	f0	8	4	1	35	1	1
53	2016	240	17	16	21	751	0	1370.178645	0	0	0	f8	f0	8	4	1	35	1	1
53	2016	240	17	16	22	751	0	1375.699623	0	0	0	f8	f0	8	4	1	35	1	1
53	2016	240	17	16	23	751	0	1381.234841	0	0	0	f8	f0	8	4	1	35	1	1
53	2016	240	17	16	24	751	0	1386.7837	0	0	0	f8	f0	8	4	1	35	1	1
53	2016	240	17	16	25	751	0	1392.346649	0	0	0	f8	f0	8	4	1	35	1	1
53	2016	240	17	16	26	751	0	1397.92144	0	0	0	f8	f0	8	4	1	35	1	1
53	2016	240	17	16	27	751	0	1403.51032	0	0	0	f8	f0	8	4	1	35	1	1
53	2016	240	17	16	28	751	0	1409.112242	0	0	0	f8	f0	8	4	1	35	1	1
53	2016	240	17	16	29	751	0	1414.727955	0	0	0	f8	f0	8	4	1	35	1	1
54	2016	240	17	16	30	751	0	1420.355809	0	0	0	f8	f0	8	4	1	36	1	1
54	2016	240	17	16	31	751	0	1425.996404	0	0	0	f8	f0	8	4	1	36	1	1
54	2016	240	17	16	32	751	0	1431.64944	0	0	0	f8	f0	8	4	1	36	1	1
54	2016	240	17	16	33	751	0	1437.314918	0	0	0	f8	f0	8	4	1	36	1	1
54	2016	240	17	16	34	751	0	1442.992238	0	0	0	f8	f0	8	4	1	36	1	1
54	2016	240	17	16	35	751	0	1448.682448	0	0	0	f8	f0	8	4	1	36	1	1
54	2016	240	17	16	36	751	0	1454.383901	0	0	0	f8	f0	8	4	1	36	1	1
54	2016	240	17	16	37	751	0	1460.096746	0	0	0	f8	f0	8	4	1	36	1	1
54	2016	240	17	16	38	751	0	1465.821433	0	0	0	f8	f0	8	4	1	36	1	1
54	2016	240	17	16	39	751	0	1471.557962	0	0	0	f8	f0	8	4	1	36	1	1
55	2016	240	17	16	40	751	0	1477.305133	0	0	0	f8	f0	8	4	1	37	1	1
55	2016	240	17	16	41	751	0	1483.063847	0	0	0	f8	f0	8	4	1	37	1	1
55	2016	240	17	16	42	751	0	1488.833353	0	0	0	f8	f0	8	4	1	37	1	1
55	2016	240	17	16	43	751	0	1494.613801	0	0	0	f8	f0	8	4	1	37	1	1
55	2016	240	17	16	44	751	0	1500.405191	0	0	0	f8	f0	8	4	1	37	1	1
55	2016	240	17	16	45	751	0	1506.207974	0	0	0	f8	f0	8	4	1	37	1	1
55	2016	240	17	16	46	751	0	1512.02095	0	0	0	f8	f0	8	4	1	37	1	1
55	2016	240	17	16	47	751	0	1517.84277	0	0	0	f8	f0	8	4	1	37	1	1
55	2016	240	17	16	48	751	0	1523.675682	0	0	0	f8	f0	8	4	1	37	1	1
55	2016	240	17	16	49	751	0	1529.519836	0	0	0	f8	f0	8	4	1	37	1	1
56	2016	240	17	16	50	751	0	1535.373134	0	0	0	f8	f0	8	4	1	38	1	1
56	2016	240	17	16	51	751	0	1541.236475	0	0	0	f8	f0	8	4	1	38	1	1
56	2016	240	17	16	52	751	0	1547.109259	0	0	0	f8	f0	8	4	1	38	1	1
56	2016	240	17	16	53	751	0	1552.991187	0	0	0	f8	f0	8	4	1	38	1	1
56	2016	240	17	16	54	751	0	1558.884207	0	0	0	f8	f0	8	4	1	38	1	1
56	2016	240	17	16	55	751	0	1564.785772	0	0	0	f8	f0	8	4	1	38	1	1
56	2016	240	17	16	56	751	0	1570.69558	0	0	0	f8	f0	8	4	1	38	1	1
56	2016	240	17	16	57	751	0	1576.616482	0	0	0	f8	f0	8	4	1	38	1	1
56	2016	240	17	16	58	751	0	1582.545477	0	0	0	f8	f0	8	4	1	38	1	1
56	2016	240	17	16	59	751	0	1588.482417	0	0	0	f8	f0	8	4	1	38	1	1
57	2016	240	17	17	0	751	0	1594.4288	0	0	0	f8	f0	8	4	1	39	1	1
57	2016	240	17	17	1	751	0	1600.385227	0	0	0	f8	f0	8	4	1	39	1	1
57	2016	240	17	17	2	751	0	1606.349298	0	0	0	f8	f0	8	4	1	39	1	1
57	2016	240	17	17	3	751	0	1612.322513	0	0	0	f8	f0	8	4	1	39	1	1
57	2016	240	17	17	4	751	0	1618.303972	0	0	0	f8	f0	8	4	1	39	1	1
57	2016	240	17	17	5	751	0	1624.293375	0	0	0	f8	f0	8	4	1	39	1	1
57	2016	240	17	17	6	751	0	1630.291473	0	0	0	f8	f0	8	4	1	39	1	1
57	2016	240	17	17	7	751	0	1636.299614	0	0	0	f8	f0	8	4	1	39	1	1
57	2016	240	17	17	8	751	0	1642.31375	0	0	0	f8	f0	8	4	1	39	1	1
57	2016	240	17	17	9	751	0	1648.335981	0	0	0	f8	f0	8	4	1	39	1	1
58	2016	240	17	17	10	751	0	1654.367356	0	0	0	f8	f0	8	4	1	003a	1	1
58	2016	240	17	17	11	751	0	1660.405476	0	0	0	f8	f0	8	4	1	003a	1	1
58	2016	240	17	17	12	751	0	1666.45094	0	0	0	f8	f0	8	4	1	003a	1	1
58	2016	240	17	17	13	751	0	1672.505099	0	0	0	f8	f0	8	4	1	003a	1	1
58	2016	240	17	17	14	751	0	1678.565254	0	0	0	f8	f0	8	4	1	003a	1	1
58	2016	240	17	17	15	751	0	1684.634552	0	0	0	f8	f0	8	4	1	003a	1	1
58	2016	240	17	17	16	751	0	1690.710596	0	0	0	f8	f0	8	4	1	003a	1	1
58	2016	240	17	17	17	751	0	1696.793385	0	0	0	f8	f0	8	4	1	003a	1	1
58	2016	240	17	17	18	751	0	1702.884718	0	0	0	f8	f0	8	4	1	003a	1	1
58	2016	240	17	17	19	751	0	1708.982496	0	0	0	f8	f0	8	4	1	003a	1	1
59	2016	240	17	17	20	751	0	1715.086271	0	0	0	f8	f0	8	4	1	003b	1	1
59	2016	240	17	17	21	751	0	1721.196791	0	0	0	f8	f0	8	4	1	003b	1	1
59	2016	240	17	17	22	751	0	1727.315855	0	0	0	f8	f0	8	4	1	003b	1	1
59	2016	240	17	17	23	751	0	1733.442413	0	0	0	f8	f0	8	4	1	003b	1	1
59	2016	240	17	17	24	751	0	1739.575118	0	0	0	f8	f0	8	4	1	003b	1	1
59	2016	240	17	17	25	751	0	1745.712918	0	0	0	f8	f0	8	4	1	003b	1	1
59	2016	240	17	17	26	751	0	1751.858214	0	0	0	f8	f0	8	4	1	003b	1	1
59	2016	240	17	17	27	751	0	1758.009356	0	0	0	f8	f0	8	4	1	003b	1	1
59	2016	240	17	17	28	751	0	1764.166943	0	0	0	f8	f0	8	4	1	003b	1	1
59	2016	240	17	17	29	751	0	1770.331575	0	0	0	f8	f0	8	4	1	003b	1	1
60	2016	240	17	17	30	751	0	1776.502054	0	0	0	f8	f0	8	4	1	003c	1	1
60	2016	240	17	17	31	751	0	1782.678078	0	0	0	f8	f0	8	4	1	003c	1	1
60	2016	240	17	17	32	751	0	1788.861297	0	0	0	f8	f0	8	4	1	003c	1	1
60	2016	240	17	17	33	751	0	1795.049613	0	0	0	f8	f0	8	4	1	003c	1	1
60	2016	240	17	17	34	751	0	1801.243775	0	0	0	f8	f0	8	4	1	003c	1	1
60	2016	240	17	17	35	751	0	1807.444682	0	0	0	f8	f0	8	4	1	003c	1	1
60	2016	240	17	17	36	751	0	1813.650536	0	0	0	f8	f0	8	4	1	003c	1	1
60	2016	240	17	17	37	751	0	1819.862536	0	0	0	f8	f0	8	4	1	003c	1	1
60	2016	240	17	17	38	751	0	1826.080981	0	0	0	f8	f0	8	4	1	003c	1	1
60	2016	240	17	17	39	751	0	1832.304223	0	0	0	f8	f0	8	4	1	003c	1	1
61	2016	240	17	17	40	751	0	1838.53301	0	0	0	f8	f0	8	4	1	003d	1	1
61	2016	240	17	17	41	751	0	1844.767494	0	0	0	f8	f0	8	4	1	003d	1	1
61	2016	240	17	17	42	751	0	1851.007225	0	0	0	f8	f0	8	4	1	003d	1	1
61	2016	240	17	17	43	751	0	1857.252801	0	0	0	f8	f0	8	4	1	003d	1	1
61	2016	240	17	17	44	751	0	1863.503624	0	0	0	f8	f0	8	4	1	003d	1	1
61	2016	240	17	17	45	751	0	1869.759393	0	0	0	f8	f0	8	4	1	003d	1	1
61	2016	240	17	17	46	751	0	1876.020109	0	0	0	f8	f0	8	4	1	003d	1	1
61	2016	240	17	17	47	751	0	1882.28667	0	0	0	f8	f0	8	4	1	003d	1	1
61	2016	240	17	17	48	751	0	1888.558029	0	0	0	f8	f0	8	4	1	003d	1	1
61	2016	240	17	17	49	751	0	1894.833135	0	0	0	f8	f0	8	4	1	003d	1	1
62	2016	240	17	17	50	751	0	1901.115286	0	0	0	f8	f0	8	4	1	003e	1	1
62	2016	240	17	17	51	751	0	1907.401634	0	0	0	f8	f0	8	4	1	003e	1	1
62	2016	240	17	17	52	751	0	1913.691579	0	0	0	f8	f0	8	4	1	003e	1	1
62	2016	240	17	17	53	751	0	1919.987071	0	0	0	f8	f0	8	4	1	003e	1	1
62	2016	240	17	17	54	751	0	1926.288409	0	0	0	f8	f0	8	4	1	003e	1	1
62	2016	240	17	17	55	751	0	1932.594543	0	0	0	f8	f0	8	4	1	003e	1	1
62	2016	240	17	17	56	751	0	1938.903376	0	0	0	f8	f0	8	4	1	003e	1	1
62	2016	240	17	17	57	751	0	1945.217604	0	0	0	f8	f0	8	4	1	003e	1	1
62	2016	240	17	17	58	751	0	1951.53663	0	0	0	f8	f0	8	4	1	003e	1	1
62	2016	240	17	17	59	751	0	1957.860602	0	0	0	f8	f0	8	4	1	003e	1	1
63	2016	240	17	18	0	751	0	1964.187722	0	0	0	f8	f0	8	4	1	003f	1	1
63	2016	240	17	18	1	751	0	1970.519938	0	0	0	f8	f0	8	4	1	003f	1	1
63	2016	240	17	18	2	751	0	1976.857251	0	0	0	f8	f0	8	4	1	003f	1	1
63	2016	240	17	18	3	751	0	1983.197711	0	0	0	f8	f0	8	4	1	003f	1	1
63	2016	240	17	18	4	751	0	1989.542968	0	0	0	f8	f0	8	4	1	003f	1	1
63	2016	240	17	18	5	751	0	1995.892123	0	0	0	f8	f0	8	4	1	003f	1	1
63	2016	240	17	18	6	751	0	2002.245625	0	0	0	f8	f0	8	4	1	003f	1	1
63	2016	240	17	18	7	751	0	2008.603023	0	0	0	f8	f0	8	4	1	003f	1	1
63	2016	240	17	18	8	751	0	2014.96447	0	0	0	f8	f0	8	4	1	003f	1	1
63	2016	240	17	18	9	751	0	2021.330712	0	0	0	f8	f0	8	4	1	003f	1	1
64	2016	240	17	18	10	751	0	2027.700253	0	0	0	f8	f0	8	4	1	40	1	1
64	2016	240	17	18	11	751	0	2034.073241	0	0	0	f8	f0	8	4	1	40	1	1
64	2016	240	17	18	12	751	0	2040.450426	0	0	0	f8	f0	8	4	1	40	1	1
64	2016	240	17	18	13	751	0	2046.832108	0	0	0	f8	f0	8	4	1	40	1	1
64	2016	240	17	18	14	751	0	2053.216638	0	0	0	f8	f0	8	4	1	40	1	1
64	2016	240	17	18	15	751	0	2059.605215	0	0	0	f8	f0	8	4	1	40	1	1
64	2016	240	17	18	16	751	0	2065.99709	0	0	0	f8	f0	8	4	1	40	1	1
64	2016	240	17	18	17	751	0	2072.393762	0	0	0	f8	f0	8	4	1	40	1	1
64	2016	240	17	18	18	751	0	2078.793731	0	0	0	f8	f0	8	4	1	40	1	1
64	2016	240	17	18	19	751	0	2085.196849	0	0	0	f8	f0	8	4	1	40	1	1
65	2016	240	17	18	20	751	0	2091.603563	0	0	0	f8	f0	8	4	1	41	1	1
65	2016	240	17	18	21	751	0	2098.013726	0	0	0	f8	f0	8	4	1	41	1	1
65	2016	240	17	18	22	751	0	2104.427336	0	0	0	f8	f0	8	4	1	41	1	1
65	2016	240	17	18	23	751	0	2110.845143	0	0	0	f8	f0	8	4	1	41	1	1
65	2016	240	17	18	24	751	0	2117.265348	0	0	0	f8	f0	8	4	1	41	1	1
65	2016	240	17	18	25	751	0	2123.689601	0	0	0	f8	f0	8	4	1	41	1	1
65	2016	240	17	18	26	751	0	2130.117301	0	0	0	f8	f0	8	4	1	41	1	1
65	2016	240	17	18	27	751	0	2136.5468	0	0	0	f8	f0	8	4	1	41	1	1
65	2016	240	17	18	28	751	0	2142.979746	0	0	0	f8	f0	8	4	1	41	1	1
65	2016	240	17	18	29	751	0	2149.417789	0	0	0	f8	f0	8	4	1	41	1	1
66	2016	240	17	18	30	751	0	2155.85883	0	0	0	f8	f0	8	4	1	42	1	1
66	2016	240	17	18	31	751	0	2162.302569	0	0	0	f8	f0	8	4	1	42	1	1
66	2016	240	17	18	32	751	0	2168.748257	0	0	0	f8	f0	8	4	1	42	1	1
66	2016	240	17	18	33	751	0	2175.197093	0	0	0	f8	f0	8	4	1	42	1	1
66	2016	240	17	18	34	751	0	2181.649526	0	0	0	f8	f0	8	4	1	42	1	1
66	2016	240	17	18	35	751	0	2188.104957	0	0	0	f8	f0	8	4	1	42	1	1
66	2016	240	17	18	36	751	0	2194.564285	0	0	0	f8	f0	8	4	1	42	1	1
66	2016	240	17	18	37	751	0	2201.025562	0	0	0	f8	f0	8	4	1	42	1	1
66	2016	240	17	18	38	751	0	2207.489537	0	0	0	f8	f0	8	4	1	42	1	1
66	2016	240	17	18	39	751	0	2213.95651	0	0	0	f8	f0	8	4	1	42	1	1
67	2016	240	17	18	40	751	0	2220.426181	0	0	0	f8	f0	8	4	1	43	1	1
67	2016	240	17	18	41	751	0	2226.8993	0	0	0	f8	f0	8	4	1	43	1	1
67	2016	240	17	18	42	751	0	2233.374667	0	0	0	f8	f0	8	4	1	43	1	1
67	2016	240	17	18	43	751	0	2239.853182	0	0	0	f8	f0	8	4	1	43	1	1
67	2016	240	17	18	44	751	0	2246.333646	0	0	0	f8	f0	8	4	1	43	1	1
67	2016	240	17	18	45	751	0	2252.818157	0	0	0	f8	f0	8	4	1	43	1	1
67	2016	240	17	18	46	751	0	2259.303867	0	0	0	f8	f0	8	4	1	43	1	1
67	2016	240	17	18	47	751	0	2265.792875	0	0	0	f8	f0	8	4	1	43	1	1
67	2016	240	17	18	48	751	0	2272.284431	0	0	0	f8	f0	8	4	1	43	1	1
67	2016	240	17	18	49	751	0	2278.777935	0	0	0	f8	f0	8	4	1	43	1	1
68	2016	240	17	18	50	751	0	2285.274288	0	0	0	f8	f0	8	4	1	44	1	1
68	2016	240	17	18	51	751	0	2291.773639	0	0	0	f8	f0	8	4	1	44	1	1
68	2016	240	17	18	52	751	0	2298.275537	0	0	0	f8	f0	8	4	1	44	1	1
68	2016	240	17	18	53	751	0	2304.779535	0	0	0	f8	f0	8	4	1	44	1	1
68	2016	240	17	18	54	751	0	2311.28668	0	0	0	f8	f0	8	4	1	44	1	1
68	2016	240	17	18	55	751	0	2317.795174	0	0	0	f8	f0	8	4	1	44	1	1
68	2016	240	17	18	56	751	0	2324.305767	0	0	0	f8	f0	8	4	1	44	1	1
68	2016	240	17	18	57	751	0	2330.818758	0	0	0	f8	f0	8	4	1	44	1	1
68	2016	240	17	18	58	751	0	2337.335347	0	0	0	f8	f0	8	4	1	44	1	1
68	2016	240	17	18	59	751	0	2343.853135	0	0	0	f8	f0	8	4	1	44	1	1
69	2016	240	17	19	0	751	0	2350.373621	0	0	0	f8	f0	8	4	1	45	1	1
69	2016	240	17	19	1	751	0	2356.895755	0	0	0	f8	f0	8	4	1	45	1	1
69	2016	240	17	19	2	751	0	2363.420289	0	0	0	f8	f0	8	4	1	45	1	1
69	2016	240	17	19	3	751	0	2369.94752	0	0	0	f8	f0	8	4	1	45	1	1
69	2016	240	17	19	4	751	0	2376.47685	0	0	0	f8	f0	8	4	1	45	1	1
69	2016	240	17	19	5	751	0	2383.008578	0	0	0	f8	f0	8	4	1	45	1	1
69	2016	240	17	19	6	751	0	2389.540756	0	0	0	f8	f0	8	4	1	45	1	1
69	2016	240	17	19	7	751	0	2396.076231	0	0	0	f8	f0	8	4	1	45	1	1
69	2016	240	17	19	8	751	0	2402.613805	0	0	0	f8	f0	8	4	1	45	1	1
69	2016	240	17	19	9	751	0	2409.153778	0	0	0	f8	f0	8	4	1	45	1	1
70	2016	240	17	19	10	751	0	2415.695249	0	0	0	f8	f0	8	4	1	46	1	1
70	2016	240	17	19	11	751	0	2422.239119	0	0	0	f8	f0	8	4	1	46	1	1
70	2016	240	17	19	12	751	0	2428.783439	0	0	0	f8	f0	8	4	1	46	1	1
70	2016	240	17	19	13	751	0	2435.330906	0	0	0	f8	f0	8	4	1	46	1	1
70	2016	240	17	19	14	751	0	2441.880921	0	0	0	f8	f0	8	4	1	46	1	1
70	2016	240	17	19	15	751	0	2448.432736	0	0	0	f8	f0	8	4	1	46	1	1
70	2016	240	17	19	16	751	0	2454.985299	0	0	0	f8	f0	8	4	1	46	1	1
70	2016	240	17	19	17	751	0	2461.539812	0	0	0	f8	f0	8	4	1	46	1	1
70	2016	240	17	19	18	751	0	2468.095973	0	0	0	f8	f0	8	4	1	46	1	1
70	2016	240	17	19	19	751	0	2474.653933	0	0	0	f8	f0	8	4	1	46	1	1
71	2016	240	17	19	20	751	0	2481.214291	0	0	0	f8	f0	8	4	1	47	1	1
71	2016	240	17	19	21	751	0	2487.775849	0	0	0	f8	f0	8	4	1	47	1	1
71	2016	240	17	19	22	751	0	2494.340554	0	0	0	f8	f0	8	4	1	47	1	1
71	2016	240	17	19	23	751	0	2500.906309	0	0	0	f8	f0	8	4	1	47	1	1
71	2016	240	17	19	24	751	0	2507.474312	0	0	0	f8	f0	8	4	1	47	1	1
71	2016	240	17	19	25	751	0	2514.043065	0	0	0	f8	f0	8	4	1	47	1	1
71	2016	240	17	19	26	751	0	2520.613466	0	0	0	f8	f0	8	4	1	47	1	1
71	2016	240	17	19	27	751	0	2527.185067	0	0	0	f8	f0	8	4	1	47	1	1
71	2016	240	17	19	28	751	0	2533.757417	0	0	0	f8	f0	8	4	1	47	1	1
71	2016	240	17	19	29	751	0	2540.333064	0	0	0	f8	f0	8	4	1	47	1	1
72	2016	240	17	19	30	751	0	2546.910811	0	0	0	f8	f0	8	4	1	48	1	1
72	2016	240	17	19	31	751	0	2553.489756	0	0	0	f8	f0	8	4	1	48	1	1
72	2016	240	17	19	32	751	0	2560.070351	0	0	0	f8	f0	8	4	1	48	1	1
72	2016	240	17	19	33	751	0	2566.652444	0	0	0	f8	f0	8	4	1	48	1	1
72	2016	240	17	19	34	751	0	2573.234237	0	0	0	f8	f0	8	4	1	48	1	1
72	2016	240	17	19	35	751	0	2579.819628	0	0	0	f8	f0	8	4	1	48	1	1
72	2016	240	17	19	36	751	0	2586.40442	0	0	0	f8	f0	8	4	1	48	1	1
72	2016	240	17	19	37	751	0	2592.992209	0	0	0	f8	f0	8	4	1	48	1	1
72	2016	240	17	19	38	751	0	2599.581947	0	0	0	f8	f0	8	4	1	48	1	1
72	2016	240	17	19	39	751	0	2606.171535	0	0	0	f8	f0	8	4	1	48	1	1
73	2016	240	17	19	40	751	0	2612.762323	0	0	0	f8	f0	8	4	1	49	1	1
73	2016	240	17	19	41	751	0	2619.357157	0	0	0	f8	f0	8	4	1	49	1	1
73	2016	240	17	19	42	751	0	2625.951242	0	0	0	f8	f0	8	4	1	49	1	1
73	2016	240	17	19	43	751	0	2632.546526	0	0	0	f8	f0	8	4	1	49	1	1
73	2016	240	17	19	44	751	0	2639.144059	0	0	0	f8	f0	8	4	1	49	1	1
73	2016	240	17	19	45	751	0	2645.74324	0	0	0	f8	f0	8	4	1	49	1	1
73	2016	240	17	19	46	751	0	2652.342272	0	0	0	f8	f0	8	4	1	49	1	1
73	2016	240	17	19	47	751	0	2658.942952	0	0	0	f8	f0	8	4	1	49	1	1
73	2016	240	17	19	48	751	0	2665.543783	0	0	0	f8	f0	8	4	1	49	1	1
73	2016	240	17	19	49	751	0	2672.148361	0	0	0	f8	f0	8	4	1	49	1	1
74	2016	240	17	19	50	751	0	2678.753538	0	0	0	f8	f0	8	4	1	004a	1	1
74	2016	240	17	19	51	751	0	2685.359315	0	0	0	f8	f0	8	4	1	004a	1	1
74	2016	240	17	19	52	751	0	2691.965691	0	0	0	f8	f0	8	4	1	004a	1	1
74	2016	240	17	19	53	751	0	2698.575216	0	0	0	f8	f0	8	4	1	004a	1	1
74	2016	240	17	19	54	751	0	2705.18474	0	0	0	f8	f0	8	4	1	004a	1	1
74	2016	240	17	19	55	751	0	2711.795463	0	0	0	f8	f0	8	4	1	004a	1	1
74	2016	240	17	19	56	751	0	2718.406637	0	0	0	f8	f0	8	4	1	004a	1	1
74	2016	240	17	19	57	751	0	2725.018859	0	0	0	f8	f0	8	4	1	004a	1	1
74	2016	240	17	19	58	751	0	2731.63303	0	0	0	f8	f0	8	4	1	004a	1	1
74	2016	240	17	19	59	751	0	2738.247651	0	0	0	f8	f0	8	4	1	004a	1	1
75	2016	240	17	20	0	751	0	2744.863471	0	0	0	f8	f0	8	4	1	004b	1	1
75	2016	240	17	20	1	751	0	2751.48049	0	0	0	f8	f0	8	4	1	004b	1	1
75	2016	240	17	20	2	751	0	2758.098858	0	0	0	f8	f0	8	4	1	004b	1	1
75	2016	240	17	20	3	751	0	2764.719325	0	0	0	f8	f0	8	4	1	004b	1	1
75	2016	240	17	20	4	751	0	2771.339042	0	0	0	f8	f0	8	4	1	004b	1	1
75	2016	240	17	20	5	751	0	2777.961158	0	0	0	f8	f0	8	4	1	004b	1	1
75	2016	240	17	20	6	751	0	2784.583274	0	0	0	f8	f0	8	4	1	004b	1	1
75	2016	240	17	20	7	751	0	2791.205239	0	0	0	f8	f0	8	4	1	004b	1	1
75	2016	240	17	20	8	751	0	2797.827355	0	0	0	f8	f0	8	4	1	004b	1	1
75	2016	240	17	20	9	751	0	2804.451869	0	0	0	f8	f0	8	4	1	004b	1	1
76	2016	240	17	20	10	751	0	2811.078931	0	0	0	f8	f0	8	4	1	004c	1	1
76	2016	240	17	20	11	751	0	2817.706743	0	0	0	f8	f0	8	4	1	004c	1	1
76	2016	240	17	20	12	751	0	2824.334254	0	0	0	f8	f0	8	4	1	004c	1	1
76	2016	240	17	20	13	751	0	2830.962516	0	0	0	f8	f0	8	4	1	004c	1	1
76	2016	240	17	20	14	751	0	2837.591527	0	0	0	f8	f0	8	4	1	004c	1	1
76	2016	240	17	20	15	751	0	2844.222486	0	0	0	f8	f0	8	4	1	004c	1	1
76	2016	240	17	20	16	751	0	2850.854945	0	0	0	f8	f0	8	4	1	004c	1	1
76	2016	240	17	20	17	751	0	2857.487553	0	0	0	f8	f0	8	4	1	004c	1	1
76	2016	240	17	20	18	751	0	2864.119262	0	0	0	f8	f0	8	4	1	004c	1	1
76	2016	240	17	20	19	751	0	2870.753069	0	0	0	f8	f0	8	4	1	004c	1	1
77	2016	240	17	20	20	751	0	2877.387177	0	0	0	f8	f0	8	4	1	004d	1	1
77	2016	240	17	20	21	751	0	2884.020834	0	0	0	f8	f0	8	4	1	004d	1	1
77	2016	240	17	20	22	751	0	2890.65704	0	0	0	f8	f0	8	4	1	004d	1	1
77	2016	240	17	20	23	751	0	2897.293246	0	0	0	f8	f0	8	4	1	004d	1	1
77	2016	240	17	20	24	751	0	2903.93155	0	0	0	f8	f0	8	4	1	004d	1	1
77	2016	240	17	20	25	751	0	2910.569105	0	0	0	f8	f0	8	4	1	004d	1	1
77	2016	240	17	20	26	751	0	2917.209358	0	0	0	f8	f0	8	4	1	004d	1	1
77	2016	240	17	20	27	751	0	2923.848112	0	0	0	f8	f0	8	4	1	004d	1	1
77	2016	240	17	20	28	751	0	2930.488366	0	0	0	f8	f0	8	4	1	004d	1	1
77	2016	240	17	20	29	751	0	2937.128469	0	0	0	f8	f0	8	4	1	004d	1	1
78	2016	240	17	20	30	751	0	2943.77082	0	0	0	f8	f0	8	4	1	004e	1	1
78	2016	240	17	20	31	751	0	2950.413022	0	0	0	f8	f0	8	4	1	004e	1	1
78	2016	240	17	20	32	751	0	2957.056723	0	0	0	f8	f0	8	4	1	004e	1	1
78	2016	240	17	20	33	751	0	2963.699524	0	0	0	f8	f0	8	4	1	004e	1	1
78	2016	240	17	20	34	751	0	2970.343374	0	0	0	f8	f0	8	4	1	004e	1	1
78	2016	240	17	20	35	751	0	2976.987525	0	0	0	f8	f0	8	4	1	004e	1	1
78	2016	240	17	20	36	751	0	2983.632874	0	0	0	f8	f0	8	4	1	004e	1	1
78	2016	240	17	20	37	751	0	2990.278674	0	0	0	f8	f0	8	4	1	004e	1	1
78	2016	240	17	20	38	751	0	2996.924922	0	0	0	f8	f0	8	4	1	004e	1	1
78	2016	240	17	20	39	751	0	3003.571171	0	0	0	f8	f0	8	4	1	004e	1	1
79	2016	240	17	20	40	751	0	3010.219519	0	0	0	f8	f0	8	4	1	004f	1	1
79	2016	240	17	20	41	751	0	3016.871164	0	0	0	f8	f0	8	4	1	004f	1	1
79	2016	240	17	20	42	751	0	3023.518012	0	0	0	f8	f0	8	4	1	004f	1	1
79	2016	240	17	20	43	751	0	3030.16666	0	0	0	f8	f0	8	4	1	004f	1	1
79	2016	240	17	20	44	751	0	3036.817555	0	0	0	f8	f0	8	4	1	004f	1	1
79	2016	240	17	20	45	751	0	3043.466502	0	0	0	f8	f0	8	4	1	004f	1	1
79	2016	240	17	20	46	751	0	3050.120246	0	0	0	f8	f0	8	4	1	004f	1	1
79	2016	240	17	20	47	751	0	3056.769493	0	0	0	f8	f0	8	4	1	004f	1	1
79	2016	240	17	20	48	751	0	3063.420389	0	0	0	f8	f0	8	4	1	004f	1	1
79	2016	240	17	20	49	751	0	3070.071434	0	0	0	f8	f0	8	4	1	004f	1	1
80	2016	240	17	20	50	751	0	3076.725927	0	0	0	f8	f0	8	4	1	50	1	1
80	2016	240	17	20	51	751	0	3083.378472	0	0	0	f8	f0	8	4	1	50	1	1
80	2016	240	17	20	52	751	0	3090.032665	0	0	0	f8	f0	8	4	1	50	1	1
80	2016	240	17	20	53	751	0	3096.685809	0	0	0	f8	f0	8	4	1	50	1	1
80	2016	240	17	20	54	751	0	3103.340452	0	0	0	f8	f0	8	4	1	50	1	1
80	2016	240	17	20	55	751	0	3109.992547	0	0	0	f8	f0	8	4	1	50	1	1
80	2016	240	17	20	56	751	0	3116.64779	0	0	0	f8	f0	8	4	1	50	1	1
80	2016	240	17	20	57	751	0	3123.30708	0	0	0	f8	f0	8	4	1	50	1	1
80	2016	240	17	20	58	751	0	3129.96532	0	0	0	f8	f0	8	4	1	50	1	1
80	2016	240	17	20	59	751	0	3136.622062	0	0	0	f8	f0	8	4	1	50	1	1
81	2016	240	17	21	0	751	0	3143.274457	0	0	0	f8	f0	8	4	1	51	1	1
81	2016	240	17	21	1	751	0	3149.931798	0	0	0	f8	f0	8	4	1	51	1	1
81	2016	240	17	21	2	751	0	3156.592737	0	0	0	f8	f0	8	4	1	51	1	1
81	2016	240	17	21	3	751	0	3163.249478	0	0	0	f8	f0	8	4	1	51	1	1
81	2016	240	17	21	4	751	0	3169.90622	0	0	0	f8	f0	8	4	1	51	1	1
81	2016	240	17	21	5	751	0	3176.56461	0	0	0	f8	f0	8	4	1	51	1	1
81	2016	240	17	21	6	751	0	3183.222551	0	0	0	f8	f0	8	4	1	51	1	1
81	2016	240	17	21	7	751	0	3189.879892	0	0	0	f8	f0	8	4	1	51	1	1
81	2016	240	17	21	8	751	0	3196.540981	0	0	0	f8	f0	8	4	1	51	1	1
81	2016	240	17	21	9	751	0	3203.20147	0	0	0	f8	f0	8	4	1	51	1	1
82	2016	240	17	21	10	751	0	3209.859561	0	0	0	f8	f0	8	4	1	52	1	1
82	2016	240	17	21	11	751	0	3216.522298	0	0	0	f8	f0	8	4	1	52	1	1
82	2016	240	17	21	12	751	0	3223.185785	0	0	0	f8	f0	8	4	1	52	1	1
82	2016	240	17	21	13	751	0	3229.842677	0	0	0	f8	f0	8	4	1	52	1	1
82	2016	240	17	21	14	751	0	3236.502117	0	0	0	f8	f0	8	4	1	52	1	1
82	2016	240	17	21	15	751	0	3243.163055	0	0	0	f8	f0	8	4	1	52	1	1
82	2016	240	17	21	16	751	0	3249.825193	0	0	0	f8	f0	8	4	1	52	1	1
82	2016	240	17	21	17	751	0	3256.482984	0	0	0	f8	f0	8	4	1	52	1	1
82	2016	240	17	21	18	751	0	3263.14812	0	0	0	f8	f0	8	4	1	52	1	1
82	2016	240	17	21	19	751	0	3269.80681	0	0	0	f8	f0	8	4	1	52	1	1
